UpdateId,CountryId,CountryName,CountryCode,Province,City,Latitude,Longitude,ConfirmedCases,ActiveCases,Deaths,Recovered,DateTime,CountriesCountryId,ChangeInActiveCases
17249,149,New Zealand,NZ,,,-40.9,174.89,0,0,0,0,22/01/2020,NULL,0
17250,149,New Zealand,NZ,,,-40.9,174.89,0,0,0,0,23/01/2020,NULL,0
17251,149,New Zealand,NZ,,,-40.9,174.89,0,0,0,0,24/01/2020,NULL,0
17252,149,New Zealand,NZ,,,-40.9,174.89,0,0,0,0,25/01/2020,NULL,0
17253,149,New Zealand,NZ,,,-40.9,174.89,0,0,0,0,26/01/2020,NULL,0
17254,149,New Zealand,NZ,,,-40.9,174.89,0,0,0,0,27/01/2020,NULL,0
17255,149,New Zealand,NZ,,,-40.9,174.89,0,0,0,0,28/01/2020,NULL,0
17256,149,New Zealand,NZ,,,-40.9,174.89,0,0,0,0,29/01/2020,NULL,0
17257,149,New Zealand,NZ,,,-40.9,174.89,0,0,0,0,30/01/2020,NULL,0
17258,149,New Zealand,NZ,,,-40.9,174.89,0,0,0,0,31/01/2020,NULL,0
17259,149,New Zealand,NZ,,,-40.9,174.89,0,0,0,0,01/02/2020,NULL,0
17260,149,New Zealand,NZ,,,-40.9,174.89,0,0,0,0,02/02/2020,NULL,0
17261,149,New Zealand,NZ,,,-40.9,174.89,0,0,0,0,03/02/2020,NULL,0
17262,149,New Zealand,NZ,,,-40.9,174.89,0,0,0,0,04/02/2020,NULL,0
17263,149,New Zealand,NZ,,,-40.9,174.89,0,0,0,0,05/02/2020,NULL,0
17264,149,New Zealand,NZ,,,-40.9,174.89,0,0,0,0,06/02/2020,NULL,0
17265,149,New Zealand,NZ,,,-40.9,174.89,0,0,0,0,07/02/2020,NULL,0
17266,149,New Zealand,NZ,,,-40.9,174.89,0,0,0,0,08/02/2020,NULL,0
17267,149,New Zealand,NZ,,,-40.9,174.89,0,0,0,0,09/02/2020,NULL,0
17268,149,New Zealand,NZ,,,-40.9,174.89,0,0,0,0,10/02/2020,NULL,0
17269,149,New Zealand,NZ,,,-40.9,174.89,0,0,0,0,11/02/2020,NULL,0
17270,149,New Zealand,NZ,,,-40.9,174.89,0,0,0,0,12/02/2020,NULL,0
17271,149,New Zealand,NZ,,,-40.9,174.89,0,0,0,0,13/02/2020,NULL,0
17272,149,New Zealand,NZ,,,-40.9,174.89,0,0,0,0,14/02/2020,NULL,0
17273,149,New Zealand,NZ,,,-40.9,174.89,0,0,0,0,15/02/2020,NULL,0
17274,149,New Zealand,NZ,,,-40.9,174.89,0,0,0,0,16/02/2020,NULL,0
17275,149,New Zealand,NZ,,,-40.9,174.89,0,0,0,0,17/02/2020,NULL,0
17276,149,New Zealand,NZ,,,-40.9,174.89,0,0,0,0,18/02/2020,NULL,0
17277,149,New Zealand,NZ,,,-40.9,174.89,0,0,0,0,19/02/2020,NULL,0
17278,149,New Zealand,NZ,,,-40.9,174.89,0,0,0,0,20/02/2020,NULL,0
17279,149,New Zealand,NZ,,,-40.9,174.89,0,0,0,0,21/02/2020,NULL,0
17280,149,New Zealand,NZ,,,-40.9,174.89,0,0,0,0,22/02/2020,NULL,0
17281,149,New Zealand,NZ,,,-40.9,174.89,0,0,0,0,23/02/2020,NULL,0
17282,149,New Zealand,NZ,,,-40.9,174.89,0,0,0,0,24/02/2020,NULL,0
17283,149,New Zealand,NZ,,,-40.9,174.89,0,0,0,0,25/02/2020,NULL,0
17284,149,New Zealand,NZ,,,-40.9,174.89,0,0,0,0,26/02/2020,NULL,0
17285,149,New Zealand,NZ,,,-40.9,174.89,0,0,0,0,27/02/2020,NULL,0
17286,149,New Zealand,NZ,,,-40.9,174.89,1,1,0,0,28/02/2020,NULL,1
17287,149,New Zealand,NZ,,,-40.9,174.89,1,1,0,0,29/02/2020,NULL,0
17288,149,New Zealand,NZ,,,-40.9,174.89,1,1,0,0,01/03/2020,NULL,0
17289,149,New Zealand,NZ,,,-40.9,174.89,1,1,0,0,02/03/2020,NULL,0
17290,149,New Zealand,NZ,,,-40.9,174.89,1,1,0,0,03/03/2020,NULL,0
17291,149,New Zealand,NZ,,,-40.9,174.89,3,3,0,0,04/03/2020,NULL,2
17292,149,New Zealand,NZ,,,-40.9,174.89,3,3,0,0,05/03/2020,NULL,0
17293,149,New Zealand,NZ,,,-40.9,174.89,4,4,0,0,06/03/2020,NULL,1
17294,149,New Zealand,NZ,,,-40.9,174.89,5,5,0,0,07/03/2020,NULL,1
17295,149,New Zealand,NZ,,,-40.9,174.89,5,5,0,0,08/03/2020,NULL,0
17296,149,New Zealand,NZ,,,-40.9,174.89,5,5,0,0,09/03/2020,NULL,0
17297,149,New Zealand,NZ,,,-40.9,174.89,5,5,0,0,10/03/2020,NULL,0
17298,149,New Zealand,NZ,,,-40.9,174.89,5,5,0,0,11/03/2020,NULL,0
17299,149,New Zealand,NZ,,,-40.9,174.89,5,5,0,0,12/03/2020,NULL,0
17300,149,New Zealand,NZ,,,-40.9,174.89,5,5,0,0,13/03/2020,NULL,0
17301,149,New Zealand,NZ,,,-40.9,174.89,6,6,0,0,14/03/2020,NULL,1
17302,149,New Zealand,NZ,,,-40.9,174.89,8,8,0,0,15/03/2020,NULL,2
17303,149,New Zealand,NZ,,,-40.9,174.89,8,8,0,0,16/03/2020,NULL,0
17304,149,New Zealand,NZ,,,-40.9,174.89,12,12,0,0,17/03/2020,NULL,4
17305,149,New Zealand,NZ,,,-40.9,174.89,20,20,0,0,18/03/2020,NULL,8
17306,149,New Zealand,NZ,,,-40.9,174.89,28,28,0,0,19/03/2020,NULL,8
17307,149,New Zealand,NZ,,,-40.9,174.89,39,39,0,0,20/03/2020,NULL,11
17308,149,New Zealand,NZ,,,-40.9,174.89,52,52,0,0,21/03/2020,NULL,13
17309,149,New Zealand,NZ,,,-40.9,174.89,102,102,0,0,22/03/2020,NULL,50
17310,149,New Zealand,NZ,,,-40.9,174.89,102,102,0,0,23/03/2020,NULL,0
17311,149,New Zealand,NZ,,,-40.9,174.89,155,143,0,12,24/03/2020,NULL,41
17312,149,New Zealand,NZ,,,-40.9,174.89,205,183,0,22,25/03/2020,NULL,40
17313,149,New Zealand,NZ,,,-40.9,174.89,283,256,0,27,26/03/2020,NULL,73
17314,149,New Zealand,NZ,,,-40.9,174.89,368,331,0,37,27/03/2020,NULL,75
17315,149,New Zealand,NZ,,,-40.9,174.89,451,401,0,50,28/03/2020,NULL,70
17316,149,New Zealand,NZ,,,-40.9,174.89,514,457,1,56,29/03/2020,NULL,56
17317,149,New Zealand,NZ,,,-40.9,174.89,589,525,1,63,30/03/2020,NULL,68
17318,149,New Zealand,NZ,,,-40.9,174.89,647,572,1,74,31/03/2020,NULL,47
17319,149,New Zealand,NZ,,,-40.9,174.89,708,624,1,83,01/04/2020,NULL,52
17320,149,New Zealand,NZ,,,-40.9,174.89,797,704,1,92,02/04/2020,NULL,80
17321,149,New Zealand,NZ,,,-40.9,174.89,868,764,1,103,03/04/2020,NULL,60
17322,149,New Zealand,NZ,,,-40.9,174.89,950,822,1,127,04/04/2020,NULL,58
17323,149,New Zealand,NZ,,,-40.9,174.89,1039,882,1,156,05/04/2020,NULL,60
17324,149,New Zealand,NZ,,,-40.9,174.89,1106,929,1,176,06/04/2020,NULL,47
17325,149,New Zealand,NZ,,,-40.9,174.89,1160,918,1,241,07/04/2020,NULL,-11
17326,149,New Zealand,NZ,,,-40.9,174.89,1210,927,1,282,08/04/2020,NULL,9
17327,149,New Zealand,NZ,,,-40.9,174.89,1239,921,1,317,09/04/2020,NULL,-6
17328,149,New Zealand,NZ,,,-40.9,174.89,1283,908,2,373,10/04/2020,NULL,-13
17329,149,New Zealand,NZ,,,-40.9,174.89,1312,886,4,422,11/04/2020,NULL,-22
17330,149,New Zealand,NZ,,,-40.9,174.89,1330,855,4,471,12/04/2020,NULL,-31
17331,149,New Zealand,NZ,,,-40.9,174.89,1349,798,5,546,13/04/2020,NULL,-57
17332,149,New Zealand,NZ,,,-40.9,174.89,1366,729,9,628,14/04/2020,NULL,-69
17333,149,New Zealand,NZ,,,-40.9,174.89,1386,649,9,728,15/04/2020,NULL,-80
17334,149,New Zealand,NZ,,,-40.9,174.89,1401,622,9,770,16/04/2020,NULL,-27
17335,149,New Zealand,NZ,,,-40.9,174.89,1409,582,11,816,17/04/2020,NULL,-40
17336,149,New Zealand,NZ,,,-40.9,174.89,1422,544,11,867,18/04/2020,NULL,-38
17337,149,New Zealand,NZ,,,-40.9,174.89,1431,507,12,912,19/04/2020,NULL,-37
17338,149,New Zealand,NZ,,,-40.9,174.89,1440,454,12,974,20/04/2020,NULL,-53
17339,149,New Zealand,NZ,,,-40.9,174.89,1445,426,13,1006,21/04/2020,NULL,-28
17340,149,New Zealand,NZ,,,-40.9,174.89,1451,401,14,1036,22/04/2020,NULL,-25
17341,149,New Zealand,NZ,,,-40.9,174.89,1456,344,17,1095,23/04/2020,NULL,-57
17342,149,New Zealand,NZ,,,-40.9,174.89,1461,325,18,1118,24/04/2020,NULL,-19
17343,149,New Zealand,NZ,,,-40.9,174.89,1470,310,18,1142,25/04/2020,NULL,-15
17344,149,New Zealand,NZ,,,-40.9,174.89,1469,270,19,1180,26/04/2020,NULL,-40
17345,149,New Zealand,NZ,,,-40.9,174.89,1472,239,19,1214,27/04/2020,NULL,-31
17346,149,New Zealand,NZ,,,-40.9,174.89,1474,226,19,1229,28/04/2020,NULL,-13
17347,149,New Zealand,NZ,,,-40.9,174.89,1476,216,19,1241,29/04/2020,NULL,-10
17348,149,New Zealand,NZ,,,-40.9,174.89,1479,208,19,1252,30/04/2020,NULL,-8
17349,149,New Zealand,NZ,,,-40.9,174.89,1485,202,20,1263,01/05/2020,NULL,-6
17350,149,New Zealand,NZ,,,-40.9,174.89,1487,201,20,1266,02/05/2020,NULL,-1
17351,149,New Zealand,NZ,,,-40.9,174.89,1487,191,20,1276,03/05/2020,NULL,-10
17352,149,New Zealand,NZ,,,-40.9,174.89,1486,164,20,1302,04/05/2020,NULL,-27
17353,149,New Zealand,NZ,,,-40.9,174.89,1488,151,21,1316,05/05/2020,NULL,-13
17354,149,New Zealand,NZ,,,-40.9,174.89,1489,136,21,1332,06/05/2020,NULL,-15
17355,149,New Zealand,NZ,,,-40.9,174.89,1490,122,21,1347,07/05/2020,NULL,-14
17356,149,New Zealand,NZ,,,-40.9,174.89,1492,103,21,1368,08/05/2020,NULL,-19
17357,149,New Zealand,NZ,,,-40.9,174.89,1494,102,21,1371,09/05/2020,NULL,-1
17358,149,New Zealand,NZ,,,-40.9,174.89,1497,90,21,1386,10/05/2020,NULL,-12
17359,149,New Zealand,NZ,,,-40.9,174.89,1497,78,21,1398,11/05/2020,NULL,-12
17360,149,New Zealand,NZ,,,-40.9,174.89,1497,74,21,1402,12/05/2020,NULL,-4
17361,149,New Zealand,NZ,,,-40.9,174.89,1497,65,21,1411,13/05/2020,NULL,-9
17362,149,New Zealand,NZ,,,-40.9,174.89,1498,56,21,1421,14/05/2020,NULL,-9
17363,149,New Zealand,NZ,,,-40.9,174.89,1498,49,21,1428,15/05/2020,NULL,-7
17364,149,New Zealand,NZ,,,-40.9,174.89,1499,45,21,1433,16/05/2020,NULL,-4
17365,149,New Zealand,NZ,,,-40.9,174.89,1499,45,21,1433,17/05/2020,NULL,0
17366,149,New Zealand,NZ,,,-40.9,174.89,1499,45,21,1433,18/05/2020,NULL,0
17367,149,New Zealand,NZ,,,-40.9,174.89,1503,35,21,1447,19/05/2020,NULL,-10
17368,149,New Zealand,NZ,,,-40.9,174.89,1503,30,21,1452,20/05/2020,NULL,-5
17369,149,New Zealand,NZ,,,-40.9,174.89,1504,28,21,1455,21/05/2020,NULL,-2
17370,149,New Zealand,NZ,,,-40.9,174.89,1504,28,21,1455,22/05/2020,NULL,0
17371,149,New Zealand,NZ,,,-40.9,174.89,1504,27,21,1456,23/05/2020,NULL,-1
17372,149,New Zealand,NZ,,,-40.9,174.89,1504,27,21,1456,24/05/2020,NULL,0
17373,149,New Zealand,NZ,,,-40.9,174.89,1504,22,21,1461,25/05/2020,NULL,-5
17374,149,New Zealand,NZ,,,-40.9,174.89,1504,21,21,1462,26/05/2020,NULL,-1
17375,149,New Zealand,NZ,,,-40.9,174.89,1504,8,22,1474,27/05/2020,NULL,-13
17376,149,New Zealand,NZ,,,-40.9,174.89,1504,1,22,1481,28/05/2020,NULL,-7
17377,149,New Zealand,NZ,,,-40.9,174.89,1504,1,22,1481,29/05/2020,NULL,0
17378,149,New Zealand,NZ,,,-40.9,174.89,1504,1,22,1481,30/05/2020,NULL,0
17379,149,New Zealand,NZ,,,-40.9,174.89,1504,1,22,1481,31/05/2020,NULL,0
17380,149,New Zealand,NZ,,,-40.9,174.89,1504,1,22,1481,01/06/2020,NULL,0
17381,149,New Zealand,NZ,,,-40.9,174.89,1504,1,22,1481,02/06/2020,NULL,0
17382,149,New Zealand,NZ,,,-40.9,174.89,1504,1,22,1481,03/06/2020,NULL,0
17383,149,New Zealand,NZ,,,-40.9,174.89,1504,1,22,1481,04/06/2020,NULL,0
17384,149,New Zealand,NZ,,,-40.9,174.89,1504,1,22,1481,05/06/2020,NULL,0
17385,149,New Zealand,NZ,,,-40.9,174.89,1504,1,22,1481,06/06/2020,NULL,0
17386,149,New Zealand,NZ,,,-40.9,174.89,1504,0,22,1482,07/06/2020,NULL,-1
17387,149,New Zealand,NZ,,,-40.9,174.89,1504,0,22,1482,08/06/2020,NULL,0
17388,149,New Zealand,NZ,,,-40.9,174.89,1504,0,22,1482,09/06/2020,NULL,0
17389,149,New Zealand,NZ,,,-40.9,174.89,1504,0,22,1482,10/06/2020,NULL,0
17390,149,New Zealand,NZ,,,-40.9,174.89,1504,0,22,1482,11/06/2020,NULL,0
17391,149,New Zealand,NZ,,,-40.9,174.89,1504,0,22,1482,12/06/2020,NULL,0
17392,149,New Zealand,NZ,,,-40.9,174.89,1504,0,22,1482,13/06/2020,NULL,0
17393,149,New Zealand,NZ,,,-40.9,174.89,1504,0,22,1482,14/06/2020,NULL,0
17394,149,New Zealand,NZ,,,-40.9,174.89,1506,2,22,1482,15/06/2020,NULL,2
17395,149,New Zealand,NZ,,,-40.9,174.89,1506,2,22,1482,16/06/2020,NULL,0
17396,149,New Zealand,NZ,,,-40.9,174.89,1507,3,22,1482,17/06/2020,NULL,1
17397,149,New Zealand,NZ,,,-40.9,174.89,1507,3,22,1482,18/06/2020,NULL,0
17398,149,New Zealand,NZ,,,-40.9,174.89,1509,5,22,1482,19/06/2020,NULL,2
17399,149,New Zealand,NZ,,,-40.9,174.89,1511,7,22,1482,20/06/2020,NULL,2
17400,149,New Zealand,NZ,,,-40.9,174.89,1513,9,22,1482,21/06/2020,NULL,2
17401,149,New Zealand,NZ,,,-40.9,174.89,1515,10,22,1483,22/06/2020,NULL,1
17402,149,New Zealand,NZ,,,-40.9,174.89,1516,11,22,1483,23/06/2020,NULL,1
61689,149,New Zealand,NZ,,,-40.9,174.89,1519,1519,0,0,24/06/2020,NULL,0
61690,149,New Zealand,NZ,,,-40.9,174.89,1520,14,22,1484,25/06/2020,NULL,0
61691,149,New Zealand,NZ,,,-40.9,174.89,1522,16,22,1484,26/06/2020,NULL,2
68827,149,New Zealand,NZ,,,-40.9,174.89,1526,20,22,1484,27/06/2020,NULL,4
68828,149,New Zealand,NZ,,,-40.9,174.89,1528,22,22,1484,28/06/2020,NULL,2
178656,149,New Zealand,NZ,,,-40.9,174.89,1528,22,22,1484,29/06/2020,NULL,0
178657,149,New Zealand,NZ,,,-40.9,174.89,1528,22,22,1484,30/06/2020,NULL,0
178658,149,New Zealand,NZ,,,-40.9,174.89,1530,18,22,1490,01/07/2020,NULL,-4
178659,149,New Zealand,NZ,,,-40.9,174.89,1530,18,22,1490,02/07/2020,NULL,0
178660,149,New Zealand,NZ,,,-40.9,174.89,1530,18,22,1490,03/07/2020,NULL,0
178661,149,New Zealand,NZ,,,-40.9,174.89,1533,21,22,1490,04/07/2020,NULL,3
178662,149,New Zealand,NZ,,,-40.9,174.89,1534,22,22,1490,05/07/2020,NULL,1
178663,149,New Zealand,NZ,,,-40.9,174.89,1536,22,22,1492,06/07/2020,NULL,0
178664,149,New Zealand,NZ,,,-40.9,174.89,1537,23,22,1492,07/07/2020,NULL,1
178665,149,New Zealand,NZ,,,-40.9,174.89,1540,24,22,1494,08/07/2020,NULL,1
178666,149,New Zealand,NZ,,,-40.9,174.89,1542,23,22,1497,09/07/2020,NULL,-1
178667,149,New Zealand,NZ,,,-40.9,174.89,1543,24,22,1497,10/07/2020,NULL,1
178668,149,New Zealand,NZ,,,-40.9,174.89,1544,25,22,1497,11/07/2020,NULL,1
178669,149,New Zealand,NZ,,,-40.9,174.89,1544,25,22,1497,12/07/2020,NULL,0
178670,149,New Zealand,NZ,,,-40.9,174.89,1545,25,22,1498,13/07/2020,NULL,0
178671,149,New Zealand,NZ,,,-40.9,174.89,1547,27,22,1498,14/07/2020,NULL,2
178672,149,New Zealand,NZ,,,-40.9,174.89,1548,27,22,1499,15/07/2020,NULL,0
178673,149,New Zealand,NZ,,,-40.9,174.89,1549,21,22,1506,16/07/2020,NULL,-6
178674,149,New Zealand,NZ,,,-40.9,174.89,1550,22,22,1506,17/07/2020,NULL,1
178675,149,New Zealand,NZ,,,-40.9,174.89,1553,25,22,1506,18/07/2020,NULL,3
178676,149,New Zealand,NZ,,,-40.9,174.89,1554,26,22,1506,19/07/2020,NULL,1
178677,149,New Zealand,NZ,,,-40.9,174.89,1555,27,22,1506,20/07/2020,NULL,1
178678,149,New Zealand,NZ,,,-40.9,174.89,1555,27,22,1506,21/07/2020,NULL,0
178679,149,New Zealand,NZ,,,-40.9,174.89,1555,22,22,1511,22/07/2020,NULL,-5
178680,149,New Zealand,NZ,,,-40.9,174.89,1556,21,22,1513,23/07/2020,NULL,-1
178681,149,New Zealand,NZ,,,-40.9,174.89,1556,21,22,1513,24/07/2020,NULL,0
178682,149,New Zealand,NZ,,,-40.9,174.89,1556,21,22,1513,25/07/2020,NULL,0
178683,149,New Zealand,NZ,,,-40.9,174.89,1556,21,22,1513,26/07/2020,NULL,0
178684,149,New Zealand,NZ,,,-40.9,174.89,1557,21,22,1514,27/07/2020,NULL,0
178685,149,New Zealand,NZ,,,-40.9,174.89,1559,23,22,1514,28/07/2020,NULL,2
178686,149,New Zealand,NZ,,,-40.9,174.89,1560,24,22,1514,29/07/2020,NULL,1
178687,149,New Zealand,NZ,,,-40.9,174.89,1560,20,22,1518,30/07/2020,NULL,-4
178688,149,New Zealand,NZ,,,-40.9,174.89,1562,22,22,1518,31/07/2020,NULL,2
193997,149,New Zealand,NZ,,,-40.9,174.89,1565,25,22,1518,01/08/2020,NULL,3
193998,149,New Zealand,NZ,,,-40.9,174.89,1567,27,22,1518,02/08/2020,NULL,2
193999,149,New Zealand,NZ,,,-40.9,174.89,1567,22,22,1523,03/08/2020,NULL,-5
194000,149,New Zealand,NZ,,,-40.9,174.89,1569,24,22,1523,04/08/2020,NULL,2
194001,149,New Zealand,NZ,,,-40.9,174.89,1569,23,22,1524,05/08/2020,NULL,-1
197912,149,New Zealand,NZ,,,-40.9,174.89,1569,23,22,1524,06/08/2020,NULL,0
