UpdateId,CountryId,CountryName,CountryCode,Province,City,Latitude,Longitude,ConfirmedCases,ActiveCases,Deaths,Recovered,DateTime,CountriesCountryId,ChangeInActiveCases
27413,237,Ireland,IE,,,53.41,-8.24,0,0,0,0,22/01/2020,NULL,0
27414,237,Ireland,IE,,,53.41,-8.24,0,0,0,0,23/01/2020,NULL,0
27415,237,Ireland,IE,,,53.41,-8.24,0,0,0,0,24/01/2020,NULL,0
27416,237,Ireland,IE,,,53.41,-8.24,0,0,0,0,25/01/2020,NULL,0
27417,237,Ireland,IE,,,53.41,-8.24,0,0,0,0,26/01/2020,NULL,0
27418,237,Ireland,IE,,,53.41,-8.24,0,0,0,0,27/01/2020,NULL,0
27419,237,Ireland,IE,,,53.41,-8.24,0,0,0,0,28/01/2020,NULL,0
27420,237,Ireland,IE,,,53.41,-8.24,0,0,0,0,29/01/2020,NULL,0
27421,237,Ireland,IE,,,53.41,-8.24,0,0,0,0,30/01/2020,NULL,0
27422,237,Ireland,IE,,,53.41,-8.24,0,0,0,0,31/01/2020,NULL,0
27423,237,Ireland,IE,,,53.41,-8.24,0,0,0,0,01/02/2020,NULL,0
27424,237,Ireland,IE,,,53.41,-8.24,0,0,0,0,02/02/2020,NULL,0
27425,237,Ireland,IE,,,53.41,-8.24,0,0,0,0,03/02/2020,NULL,0
27426,237,Ireland,IE,,,53.41,-8.24,0,0,0,0,04/02/2020,NULL,0
27427,237,Ireland,IE,,,53.41,-8.24,0,0,0,0,05/02/2020,NULL,0
27428,237,Ireland,IE,,,53.41,-8.24,0,0,0,0,06/02/2020,NULL,0
27429,237,Ireland,IE,,,53.41,-8.24,0,0,0,0,07/02/2020,NULL,0
27430,237,Ireland,IE,,,53.41,-8.24,0,0,0,0,08/02/2020,NULL,0
27431,237,Ireland,IE,,,53.41,-8.24,0,0,0,0,09/02/2020,NULL,0
27432,237,Ireland,IE,,,53.41,-8.24,0,0,0,0,10/02/2020,NULL,0
27433,237,Ireland,IE,,,53.41,-8.24,0,0,0,0,11/02/2020,NULL,0
27434,237,Ireland,IE,,,53.41,-8.24,0,0,0,0,12/02/2020,NULL,0
27435,237,Ireland,IE,,,53.41,-8.24,0,0,0,0,13/02/2020,NULL,0
27436,237,Ireland,IE,,,53.41,-8.24,0,0,0,0,14/02/2020,NULL,0
27437,237,Ireland,IE,,,53.41,-8.24,0,0,0,0,15/02/2020,NULL,0
27438,237,Ireland,IE,,,53.41,-8.24,0,0,0,0,16/02/2020,NULL,0
27439,237,Ireland,IE,,,53.41,-8.24,0,0,0,0,17/02/2020,NULL,0
27440,237,Ireland,IE,,,53.41,-8.24,0,0,0,0,18/02/2020,NULL,0
27441,237,Ireland,IE,,,53.41,-8.24,0,0,0,0,19/02/2020,NULL,0
27442,237,Ireland,IE,,,53.41,-8.24,0,0,0,0,20/02/2020,NULL,0
27443,237,Ireland,IE,,,53.41,-8.24,0,0,0,0,21/02/2020,NULL,0
27444,237,Ireland,IE,,,53.41,-8.24,0,0,0,0,22/02/2020,NULL,0
27445,237,Ireland,IE,,,53.41,-8.24,0,0,0,0,23/02/2020,NULL,0
27446,237,Ireland,IE,,,53.41,-8.24,0,0,0,0,24/02/2020,NULL,0
27447,237,Ireland,IE,,,53.41,-8.24,0,0,0,0,25/02/2020,NULL,0
27448,237,Ireland,IE,,,53.41,-8.24,0,0,0,0,26/02/2020,NULL,0
27449,237,Ireland,IE,,,53.41,-8.24,0,0,0,0,27/02/2020,NULL,0
27450,237,Ireland,IE,,,53.41,-8.24,0,0,0,0,28/02/2020,NULL,0
27451,237,Ireland,IE,,,53.41,-8.24,1,1,0,0,29/02/2020,NULL,1
27452,237,Ireland,IE,,,53.41,-8.24,1,1,0,0,01/03/2020,NULL,0
27453,237,Ireland,IE,,,53.41,-8.24,1,1,0,0,02/03/2020,NULL,0
27454,237,Ireland,IE,,,53.41,-8.24,2,2,0,0,03/03/2020,NULL,1
27455,237,Ireland,IE,,,53.41,-8.24,6,6,0,0,04/03/2020,NULL,4
27456,237,Ireland,IE,,,53.41,-8.24,6,6,0,0,05/03/2020,NULL,0
27457,237,Ireland,IE,,,53.41,-8.24,18,18,0,0,06/03/2020,NULL,12
27458,237,Ireland,IE,,,53.41,-8.24,18,18,0,0,07/03/2020,NULL,0
27459,237,Ireland,IE,,,53.41,-8.24,19,19,0,0,08/03/2020,NULL,1
27460,237,Ireland,IE,,,53.41,-8.24,21,21,0,0,09/03/2020,NULL,2
27461,237,Ireland,IE,,,53.41,-8.24,34,34,0,0,10/03/2020,NULL,13
27462,237,Ireland,IE,,,53.41,-8.24,43,42,1,0,11/03/2020,NULL,8
27463,237,Ireland,IE,,,53.41,-8.24,43,42,1,0,12/03/2020,NULL,0
27464,237,Ireland,IE,,,53.41,-8.24,90,89,1,0,13/03/2020,NULL,47
27465,237,Ireland,IE,,,53.41,-8.24,129,127,2,0,14/03/2020,NULL,38
27466,237,Ireland,IE,,,53.41,-8.24,129,127,2,0,15/03/2020,NULL,0
27467,237,Ireland,IE,,,53.41,-8.24,169,167,2,0,16/03/2020,NULL,40
27468,237,Ireland,IE,,,53.41,-8.24,223,216,2,5,17/03/2020,NULL,49
27469,237,Ireland,IE,,,53.41,-8.24,292,285,2,5,18/03/2020,NULL,69
27470,237,Ireland,IE,,,53.41,-8.24,557,549,3,5,19/03/2020,NULL,264
27471,237,Ireland,IE,,,53.41,-8.24,683,675,3,5,20/03/2020,NULL,126
27472,237,Ireland,IE,,,53.41,-8.24,785,777,3,5,21/03/2020,NULL,102
27473,237,Ireland,IE,,,53.41,-8.24,906,897,4,5,22/03/2020,NULL,120
27474,237,Ireland,IE,,,53.41,-8.24,1125,1114,6,5,23/03/2020,NULL,217
27475,237,Ireland,IE,,,53.41,-8.24,1329,1317,7,5,24/03/2020,NULL,203
27476,237,Ireland,IE,,,53.41,-8.24,1564,1550,9,5,25/03/2020,NULL,233
27477,237,Ireland,IE,,,53.41,-8.24,1819,1795,19,5,26/03/2020,NULL,245
27478,237,Ireland,IE,,,53.41,-8.24,2121,2094,22,5,27/03/2020,NULL,299
27479,237,Ireland,IE,,,53.41,-8.24,2415,2374,36,5,28/03/2020,NULL,280
27480,237,Ireland,IE,,,53.41,-8.24,2615,2564,46,5,29/03/2020,NULL,190
27481,237,Ireland,IE,,,53.41,-8.24,2910,2851,54,5,30/03/2020,NULL,287
27482,237,Ireland,IE,,,53.41,-8.24,3235,3159,71,5,31/03/2020,NULL,308
27483,237,Ireland,IE,,,53.41,-8.24,3447,3357,85,5,01/04/2020,NULL,198
27484,237,Ireland,IE,,,53.41,-8.24,3849,3746,98,5,02/04/2020,NULL,389
27485,237,Ireland,IE,,,53.41,-8.24,4273,4148,120,5,03/04/2020,NULL,402
27486,237,Ireland,IE,,,53.41,-8.24,4604,4442,137,25,04/04/2020,NULL,294
27487,237,Ireland,IE,,,53.41,-8.24,4994,4811,158,25,05/04/2020,NULL,369
27488,237,Ireland,IE,,,53.41,-8.24,5364,5165,174,25,06/04/2020,NULL,354
27489,237,Ireland,IE,,,53.41,-8.24,5709,5474,210,25,07/04/2020,NULL,309
27490,237,Ireland,IE,,,53.41,-8.24,6074,5814,235,25,08/04/2020,NULL,340
27491,237,Ireland,IE,,,53.41,-8.24,6574,6286,263,25,09/04/2020,NULL,472
27492,237,Ireland,IE,,,53.41,-8.24,8089,7777,287,25,10/04/2020,NULL,1491
27493,237,Ireland,IE,,,53.41,-8.24,8928,8583,320,25,11/04/2020,NULL,806
27494,237,Ireland,IE,,,53.41,-8.24,9655,9296,334,25,12/04/2020,NULL,713
27495,237,Ireland,IE,,,53.41,-8.24,10647,10257,365,25,13/04/2020,NULL,961
27496,237,Ireland,IE,,,53.41,-8.24,11479,11048,406,25,14/04/2020,NULL,791
27497,237,Ireland,IE,,,53.41,-8.24,12547,12026,444,77,15/04/2020,NULL,978
27498,237,Ireland,IE,,,53.41,-8.24,13271,12708,486,77,16/04/2020,NULL,682
27499,237,Ireland,IE,,,53.41,-8.24,13980,13373,530,77,17/04/2020,NULL,665
27500,237,Ireland,IE,,,53.41,-8.24,14758,14110,571,77,18/04/2020,NULL,737
27501,237,Ireland,IE,,,53.41,-8.24,15251,14564,610,77,19/04/2020,NULL,454
27502,237,Ireland,IE,,,53.41,-8.24,15652,14888,687,77,20/04/2020,NULL,324
27503,237,Ireland,IE,,,53.41,-8.24,16040,6077,730,9233,21/04/2020,NULL,388
27504,237,Ireland,IE,,,53.41,-8.24,16671,6669,769,9233,22/04/2020,NULL,592
27505,237,Ireland,IE,,,53.41,-8.24,17607,7580,794,9233,23/04/2020,NULL,911
27506,237,Ireland,IE,,,53.41,-8.24,18184,7937,1014,9233,24/04/2020,NULL,357
27507,237,Ireland,IE,,,53.41,-8.24,18561,8265,1063,9233,25/04/2020,NULL,328
27508,237,Ireland,IE,,,53.41,-8.24,19262,8942,1087,9233,26/04/2020,NULL,677
27509,237,Ireland,IE,,,53.41,-8.24,19648,9313,1102,9233,27/04/2020,NULL,371
27510,237,Ireland,IE,,,53.41,-8.24,19877,9485,1159,9233,28/04/2020,NULL,172
27511,237,Ireland,IE,,,53.41,-8.24,20253,5677,1190,13386,29/04/2020,NULL,376
27512,237,Ireland,IE,,,53.41,-8.24,20612,5994,1232,13386,30/04/2020,NULL,317
27513,237,Ireland,IE,,,53.41,-8.24,20833,6182,1265,13386,01/05/2020,NULL,188
27514,237,Ireland,IE,,,53.41,-8.24,21176,6504,1286,13386,02/05/2020,NULL,322
27515,237,Ireland,IE,,,53.41,-8.24,21506,6817,1303,13386,03/05/2020,NULL,313
27516,237,Ireland,IE,,,53.41,-8.24,21772,7067,1319,13386,04/05/2020,NULL,250
27517,237,Ireland,IE,,,53.41,-8.24,21983,7258,1339,13386,05/05/2020,NULL,191
27518,237,Ireland,IE,,,53.41,-8.24,22248,3763,1375,17110,06/05/2020,NULL,265
27519,237,Ireland,IE,,,53.41,-8.24,22385,3872,1403,17110,07/05/2020,NULL,109
27520,237,Ireland,IE,,,53.41,-8.24,22541,4002,1429,17110,08/05/2020,NULL,130
27521,237,Ireland,IE,,,53.41,-8.24,22760,4204,1446,17110,09/05/2020,NULL,202
27522,237,Ireland,IE,,,53.41,-8.24,22996,4428,1458,17110,10/05/2020,NULL,224
27523,237,Ireland,IE,,,53.41,-8.24,23135,4558,1467,17110,11/05/2020,NULL,130
27524,237,Ireland,IE,,,53.41,-8.24,23242,4644,1488,17110,12/05/2020,NULL,86
27525,237,Ireland,IE,,,53.41,-8.24,23401,2434,1497,19470,13/05/2020,NULL,159
27526,237,Ireland,IE,,,53.41,-8.24,23827,2851,1506,19470,14/05/2020,NULL,417
27527,237,Ireland,IE,,,53.41,-8.24,23956,2968,1518,19470,15/05/2020,NULL,117
27528,237,Ireland,IE,,,53.41,-8.24,24048,3045,1533,19470,16/05/2020,NULL,77
27529,237,Ireland,IE,,,53.41,-8.24,24112,3099,1543,19470,17/05/2020,NULL,54
27530,237,Ireland,IE,,,53.41,-8.24,24200,3183,1547,19470,18/05/2020,NULL,84
27531,237,Ireland,IE,,,53.41,-8.24,24251,3220,1561,19470,19/05/2020,NULL,37
27532,237,Ireland,IE,,,53.41,-8.24,24315,1684,1571,21060,20/05/2020,NULL,376
27533,237,Ireland,IE,,,53.41,-8.24,24391,1748,1583,21060,21/05/2020,NULL,64
27534,237,Ireland,IE,,,53.41,-8.24,24506,1854,1592,21060,22/05/2020,NULL,106
27535,237,Ireland,IE,,,53.41,-8.24,24582,1918,1604,21060,23/05/2020,NULL,64
27536,237,Ireland,IE,,,53.41,-8.24,24639,1971,1608,21060,24/05/2020,NULL,53
27537,237,Ireland,IE,,,53.41,-8.24,24698,2032,1606,21060,25/05/2020,NULL,61
27538,237,Ireland,IE,,,53.41,-8.24,24735,2060,1615,21060,26/05/2020,NULL,28
27539,237,Ireland,IE,,,53.41,-8.24,24803,1083,1631,22089,27/05/2020,NULL,68
27540,237,Ireland,IE,,,53.41,-8.24,24841,1113,1639,22089,28/05/2020,NULL,30
27541,237,Ireland,IE,,,53.41,-8.24,24876,1142,1645,22089,29/05/2020,NULL,29
27542,237,Ireland,IE,,,53.41,-8.24,24929,1189,1651,22089,30/05/2020,NULL,47
27543,237,Ireland,IE,,,53.41,-8.24,24990,1249,1652,22089,31/05/2020,NULL,60
27544,237,Ireland,IE,,,53.41,-8.24,25062,1323,1650,22089,01/06/2020,NULL,74
27545,237,Ireland,IE,,,53.41,-8.24,25066,1319,1658,22089,02/06/2020,NULL,-4
27546,237,Ireland,IE,,,53.41,-8.24,25111,754,1659,22698,03/06/2020,NULL,45
27547,237,Ireland,IE,,,53.41,-8.24,25142,780,1664,22698,04/06/2020,NULL,26
27548,237,Ireland,IE,,,53.41,-8.24,25163,795,1670,22698,05/06/2020,NULL,15
27549,237,Ireland,IE,,,53.41,-8.24,25183,807,1678,22698,06/06/2020,NULL,12
27550,237,Ireland,IE,,,53.41,-8.24,25201,824,1679,22698,07/06/2020,NULL,17
27551,237,Ireland,IE,,,53.41,-8.24,25207,826,1683,22698,08/06/2020,NULL,2
27552,237,Ireland,IE,,,53.41,-8.24,25215,826,1691,22698,09/06/2020,NULL,0
27553,237,Ireland,IE,,,53.41,-8.24,25231,838,1695,22698,10/06/2020,NULL,12
27554,237,Ireland,IE,,,53.41,-8.24,25238,837,1703,22698,11/06/2020,NULL,-1
27555,237,Ireland,IE,,,53.41,-8.24,25250,847,1705,22698,12/06/2020,NULL,10
27556,237,Ireland,IE,,,53.41,-8.24,25295,892,1705,22698,13/06/2020,NULL,45
27557,237,Ireland,IE,,,53.41,-8.24,25303,899,1706,22698,14/06/2020,NULL,7
27558,237,Ireland,IE,,,53.41,-8.24,25321,917,1706,22698,15/06/2020,NULL,18
27559,237,Ireland,IE,,,53.41,-8.24,25334,927,1709,22698,16/06/2020,NULL,10
27560,237,Ireland,IE,,,53.41,-8.24,25341,933,1710,22698,17/06/2020,NULL,6
27561,237,Ireland,IE,,,53.41,-8.24,25355,943,1714,22698,18/06/2020,NULL,10
27562,237,Ireland,IE,,,53.41,-8.24,25368,956,1714,22698,19/06/2020,NULL,13
27563,237,Ireland,IE,,,53.41,-8.24,25374,961,1715,22698,20/06/2020,NULL,5
27564,237,Ireland,IE,,,53.41,-8.24,25379,966,1715,22698,21/06/2020,NULL,5
27565,237,Ireland,IE,,,53.41,-8.24,25383,968,1717,22698,22/06/2020,NULL,2
27566,237,Ireland,IE,,,53.41,-8.24,25391,973,1720,22698,23/06/2020,NULL,5
61905,237,Ireland,IE,,,53.41,-8.24,25396,25396,0,0,24/06/2020,NULL,5
61906,237,Ireland,IE,,,53.41,-8.24,25405,314,1727,23364,25/06/2020,NULL,9
61907,237,Ireland,IE,,,53.41,-8.24,25414,320,1730,23364,26/06/2020,NULL,6
68971,237,Ireland,IE,,,53.41,-8.24,25437,339,1734,23364,27/06/2020,NULL,19
68972,237,Ireland,IE,,,53.41,-8.24,25439,340,1735,23364,28/06/2020,NULL,1
181032,237,Ireland,IE,,,53.41,-8.24,25462,363,1735,23364,29/06/2020,NULL,23
181033,237,Ireland,IE,,,53.41,-8.24,25473,373,1736,23364,30/06/2020,NULL,10
181034,237,Ireland,IE,,,53.41,-8.24,25477,375,1738,23364,01/07/2020,NULL,2
181035,237,Ireland,IE,,,53.41,-8.24,25489,387,1738,23364,02/07/2020,NULL,12
181036,237,Ireland,IE,,,53.41,-8.24,25498,394,1740,23364,03/07/2020,NULL,7
181037,237,Ireland,IE,,,53.41,-8.24,25509,404,1741,23364,04/07/2020,NULL,10
181038,237,Ireland,IE,,,53.41,-8.24,25527,422,1741,23364,05/07/2020,NULL,18
181039,237,Ireland,IE,,,53.41,-8.24,25531,426,1741,23364,06/07/2020,NULL,4
181040,237,Ireland,IE,,,53.41,-8.24,25538,432,1742,23364,07/07/2020,NULL,6
181041,237,Ireland,IE,,,53.41,-8.24,25542,440,1738,23364,08/07/2020,NULL,8
181042,237,Ireland,IE,,,53.41,-8.24,25565,458,1743,23364,09/07/2020,NULL,18
181043,237,Ireland,IE,,,53.41,-8.24,25589,481,1744,23364,10/07/2020,NULL,23
181044,237,Ireland,IE,,,53.41,-8.24,25611,501,1746,23364,11/07/2020,NULL,20
181045,237,Ireland,IE,,,53.41,-8.24,25628,518,1746,23364,12/07/2020,NULL,17
181046,237,Ireland,IE,,,53.41,-8.24,25638,528,1746,23364,13/07/2020,NULL,10
181047,237,Ireland,IE,,,53.41,-8.24,25670,560,1746,23364,14/07/2020,NULL,32
181048,237,Ireland,IE,,,53.41,-8.24,25683,571,1748,23364,15/07/2020,NULL,11
181049,237,Ireland,IE,,,53.41,-8.24,25698,585,1749,23364,16/07/2020,NULL,14
181050,237,Ireland,IE,,,53.41,-8.24,25730,614,1752,23364,17/07/2020,NULL,29
181051,237,Ireland,IE,,,53.41,-8.24,25750,633,1753,23364,18/07/2020,NULL,19
181052,237,Ireland,IE,,,53.41,-8.24,25760,643,1753,23364,19/07/2020,NULL,10
181053,237,Ireland,IE,,,53.41,-8.24,25766,649,1753,23364,20/07/2020,NULL,6
181054,237,Ireland,IE,,,53.41,-8.24,25802,685,1753,23364,21/07/2020,NULL,36
181055,237,Ireland,IE,,,53.41,-8.24,25819,701,1754,23364,22/07/2020,NULL,16
181056,237,Ireland,IE,,,53.41,-8.24,25826,699,1763,23364,23/07/2020,NULL,-2
181057,237,Ireland,IE,,,53.41,-8.24,25845,718,1763,23364,24/07/2020,NULL,19
181058,237,Ireland,IE,,,53.41,-8.24,25869,741,1764,23364,25/07/2020,NULL,23
181059,237,Ireland,IE,,,53.41,-8.24,25881,753,1764,23364,26/07/2020,NULL,12
181060,237,Ireland,IE,,,53.41,-8.24,25892,764,1764,23364,27/07/2020,NULL,11
181061,237,Ireland,IE,,,53.41,-8.24,25929,801,1764,23364,28/07/2020,NULL,37
181062,237,Ireland,IE,,,53.41,-8.24,25942,814,1764,23364,29/07/2020,NULL,13
181063,237,Ireland,IE,,,53.41,-8.24,26027,900,1763,23364,30/07/2020,NULL,86
181064,237,Ireland,IE,,,53.41,-8.24,26065,938,1763,23364,31/07/2020,NULL,38
194357,237,Ireland,IE,,,53.41,-8.24,26109,982,1763,23364,01/08/2020,NULL,44
194358,237,Ireland,IE,,,53.41,-8.24,26162,1035,1763,23364,02/08/2020,NULL,53
194359,237,Ireland,IE,,,53.41,-8.24,26208,1081,1763,23364,03/08/2020,NULL,46
194360,237,Ireland,IE,,,53.41,-8.24,26253,1126,1763,23364,04/08/2020,NULL,45
194361,237,Ireland,IE,,,53.41,-8.24,26303,1176,1763,23364,05/08/2020,NULL,50
197984,237,Ireland,IE,,,53.41,-8.24,26372,1240,1768,23364,06/08/2020,NULL,64
