UpdateId,CountryId,CountryName,CountryCode,Province,City,Latitude,Longitude,ConfirmedCases,ActiveCases,Deaths,Recovered,DateTime,CountriesCountryId,ChangeInActiveCases
23871,213,Sweden,SE,,,60.13,18.64,0,0,0,0,22/01/2020,NULL,0
23872,213,Sweden,SE,,,60.13,18.64,0,0,0,0,23/01/2020,NULL,0
23873,213,Sweden,SE,,,60.13,18.64,0,0,0,0,24/01/2020,NULL,0
23874,213,Sweden,SE,,,60.13,18.64,0,0,0,0,25/01/2020,NULL,0
23875,213,Sweden,SE,,,60.13,18.64,0,0,0,0,26/01/2020,NULL,0
23876,213,Sweden,SE,,,60.13,18.64,0,0,0,0,27/01/2020,NULL,0
23877,213,Sweden,SE,,,60.13,18.64,0,0,0,0,28/01/2020,NULL,0
23878,213,Sweden,SE,,,60.13,18.64,0,0,0,0,29/01/2020,NULL,0
23879,213,Sweden,SE,,,60.13,18.64,0,0,0,0,30/01/2020,NULL,0
23880,213,Sweden,SE,,,60.13,18.64,1,1,0,0,31/01/2020,NULL,1
23881,213,Sweden,SE,,,60.13,18.64,1,1,0,0,01/02/2020,NULL,0
23882,213,Sweden,SE,,,60.13,18.64,1,1,0,0,02/02/2020,NULL,0
23883,213,Sweden,SE,,,60.13,18.64,1,1,0,0,03/02/2020,NULL,0
23884,213,Sweden,SE,,,60.13,18.64,1,1,0,0,04/02/2020,NULL,0
23885,213,Sweden,SE,,,60.13,18.64,1,1,0,0,05/02/2020,NULL,0
23886,213,Sweden,SE,,,60.13,18.64,1,1,0,0,06/02/2020,NULL,0
23887,213,Sweden,SE,,,60.13,18.64,1,1,0,0,07/02/2020,NULL,0
23888,213,Sweden,SE,,,60.13,18.64,1,1,0,0,08/02/2020,NULL,0
23889,213,Sweden,SE,,,60.13,18.64,1,1,0,0,09/02/2020,NULL,0
23890,213,Sweden,SE,,,60.13,18.64,1,1,0,0,10/02/2020,NULL,0
23891,213,Sweden,SE,,,60.13,18.64,1,1,0,0,11/02/2020,NULL,0
23892,213,Sweden,SE,,,60.13,18.64,1,1,0,0,12/02/2020,NULL,0
23893,213,Sweden,SE,,,60.13,18.64,1,1,0,0,13/02/2020,NULL,0
23894,213,Sweden,SE,,,60.13,18.64,1,1,0,0,14/02/2020,NULL,0
23895,213,Sweden,SE,,,60.13,18.64,1,1,0,0,15/02/2020,NULL,0
23896,213,Sweden,SE,,,60.13,18.64,1,1,0,0,16/02/2020,NULL,0
23897,213,Sweden,SE,,,60.13,18.64,1,1,0,0,17/02/2020,NULL,0
23898,213,Sweden,SE,,,60.13,18.64,1,1,0,0,18/02/2020,NULL,0
23899,213,Sweden,SE,,,60.13,18.64,1,1,0,0,19/02/2020,NULL,0
23900,213,Sweden,SE,,,60.13,18.64,1,1,0,0,20/02/2020,NULL,0
23901,213,Sweden,SE,,,60.13,18.64,1,1,0,0,21/02/2020,NULL,0
23902,213,Sweden,SE,,,60.13,18.64,1,1,0,0,22/02/2020,NULL,0
23903,213,Sweden,SE,,,60.13,18.64,1,1,0,0,23/02/2020,NULL,0
23904,213,Sweden,SE,,,60.13,18.64,1,1,0,0,24/02/2020,NULL,0
23905,213,Sweden,SE,,,60.13,18.64,1,1,0,0,25/02/2020,NULL,0
23906,213,Sweden,SE,,,60.13,18.64,2,2,0,0,26/02/2020,NULL,1
23907,213,Sweden,SE,,,60.13,18.64,7,7,0,0,27/02/2020,NULL,5
23908,213,Sweden,SE,,,60.13,18.64,7,7,0,0,28/02/2020,NULL,0
23909,213,Sweden,SE,,,60.13,18.64,12,12,0,0,29/02/2020,NULL,5
23910,213,Sweden,SE,,,60.13,18.64,14,14,0,0,01/03/2020,NULL,2
23911,213,Sweden,SE,,,60.13,18.64,15,15,0,0,02/03/2020,NULL,1
23912,213,Sweden,SE,,,60.13,18.64,21,21,0,0,03/03/2020,NULL,6
23913,213,Sweden,SE,,,60.13,18.64,35,35,0,0,04/03/2020,NULL,14
23914,213,Sweden,SE,,,60.13,18.64,94,94,0,0,05/03/2020,NULL,59
23915,213,Sweden,SE,,,60.13,18.64,101,101,0,0,06/03/2020,NULL,7
23916,213,Sweden,SE,,,60.13,18.64,161,161,0,0,07/03/2020,NULL,60
23917,213,Sweden,SE,,,60.13,18.64,203,203,0,0,08/03/2020,NULL,42
23918,213,Sweden,SE,,,60.13,18.64,248,247,0,1,09/03/2020,NULL,44
23919,213,Sweden,SE,,,60.13,18.64,355,354,0,1,10/03/2020,NULL,107
23920,213,Sweden,SE,,,60.13,18.64,500,498,1,1,11/03/2020,NULL,144
23921,213,Sweden,SE,,,60.13,18.64,599,597,1,1,12/03/2020,NULL,99
23922,213,Sweden,SE,,,60.13,18.64,814,812,1,1,13/03/2020,NULL,215
23923,213,Sweden,SE,,,60.13,18.64,961,958,2,1,14/03/2020,NULL,146
23924,213,Sweden,SE,,,60.13,18.64,1022,1018,3,1,15/03/2020,NULL,60
23925,213,Sweden,SE,,,60.13,18.64,1103,1096,6,1,16/03/2020,NULL,78
23926,213,Sweden,SE,,,60.13,18.64,1190,1182,7,1,17/03/2020,NULL,86
23927,213,Sweden,SE,,,60.13,18.64,1279,1268,10,1,18/03/2020,NULL,86
23928,213,Sweden,SE,,,60.13,18.64,1439,1412,11,16,19/03/2020,NULL,144
23929,213,Sweden,SE,,,60.13,18.64,1639,1607,16,16,20/03/2020,NULL,195
23930,213,Sweden,SE,,,60.13,18.64,1763,1727,20,16,21/03/2020,NULL,120
23931,213,Sweden,SE,,,60.13,18.64,1934,1897,21,16,22/03/2020,NULL,170
23932,213,Sweden,SE,,,60.13,18.64,2046,2005,25,16,23/03/2020,NULL,108
23933,213,Sweden,SE,,,60.13,18.64,2286,2234,36,16,24/03/2020,NULL,229
23934,213,Sweden,SE,,,60.13,18.64,2526,2448,62,16,25/03/2020,NULL,214
23935,213,Sweden,SE,,,60.13,18.64,2840,2747,77,16,26/03/2020,NULL,299
23936,213,Sweden,SE,,,60.13,18.64,3069,2948,105,16,27/03/2020,NULL,201
23937,213,Sweden,SE,,,60.13,18.64,3447,3326,105,16,28/03/2020,NULL,378
23938,213,Sweden,SE,,,60.13,18.64,3700,3574,110,16,29/03/2020,NULL,248
23939,213,Sweden,SE,,,60.13,18.64,4028,3866,146,16,30/03/2020,NULL,292
23940,213,Sweden,SE,,,60.13,18.64,4435,4239,180,16,31/03/2020,NULL,373
23941,213,Sweden,SE,,,60.13,18.64,4947,4605,239,103,01/04/2020,NULL,366
23942,213,Sweden,SE,,,60.13,18.64,5568,5157,308,103,02/04/2020,NULL,552
23943,213,Sweden,SE,,,60.13,18.64,6131,5568,358,205,03/04/2020,NULL,411
23944,213,Sweden,SE,,,60.13,18.64,6443,5865,373,205,04/04/2020,NULL,297
23945,213,Sweden,SE,,,60.13,18.64,6830,6224,401,205,05/04/2020,NULL,359
23946,213,Sweden,SE,,,60.13,18.64,7206,6524,477,205,06/04/2020,NULL,300
23947,213,Sweden,SE,,,60.13,18.64,7693,6897,591,205,07/04/2020,NULL,373
23948,213,Sweden,SE,,,60.13,18.64,8419,7527,687,205,08/04/2020,NULL,630
23949,213,Sweden,SE,,,60.13,18.64,9141,8143,793,205,09/04/2020,NULL,616
23950,213,Sweden,SE,,,60.13,18.64,9685,8434,870,381,10/04/2020,NULL,291
23951,213,Sweden,SE,,,60.13,18.64,10151,8883,887,381,11/04/2020,NULL,449
23952,213,Sweden,SE,,,60.13,18.64,10483,9203,899,381,12/04/2020,NULL,320
23953,213,Sweden,SE,,,60.13,18.64,10948,9648,919,381,13/04/2020,NULL,445
23954,213,Sweden,SE,,,60.13,18.64,11445,10031,1033,381,14/04/2020,NULL,383
23955,213,Sweden,SE,,,60.13,18.64,11927,10343,1203,381,15/04/2020,NULL,312
23956,213,Sweden,SE,,,60.13,18.64,12540,10657,1333,550,16/04/2020,NULL,314
23957,213,Sweden,SE,,,60.13,18.64,13216,11266,1400,550,17/04/2020,NULL,609
23958,213,Sweden,SE,,,60.13,18.64,13822,11761,1511,550,18/04/2020,NULL,495
23959,213,Sweden,SE,,,60.13,18.64,14385,12295,1540,550,19/04/2020,NULL,534
23960,213,Sweden,SE,,,60.13,18.64,14777,12647,1580,550,20/04/2020,NULL,352
23961,213,Sweden,SE,,,60.13,18.64,15322,13007,1765,550,21/04/2020,NULL,360
23962,213,Sweden,SE,,,60.13,18.64,16004,13517,1937,550,22/04/2020,NULL,510
23963,213,Sweden,SE,,,60.13,18.64,16755,14184,2021,550,23/04/2020,NULL,667
23964,213,Sweden,SE,,,60.13,18.64,17567,14410,2152,1005,24/04/2020,NULL,226
23965,213,Sweden,SE,,,60.13,18.64,18177,14980,2192,1005,25/04/2020,NULL,570
23966,213,Sweden,SE,,,60.13,18.64,18640,15441,2194,1005,26/04/2020,NULL,461
23967,213,Sweden,SE,,,60.13,18.64,18926,15647,2274,1005,27/04/2020,NULL,206
23968,213,Sweden,SE,,,60.13,18.64,19621,16261,2355,1005,28/04/2020,NULL,614
23969,213,Sweden,SE,,,60.13,18.64,20302,16835,2462,1005,29/04/2020,NULL,574
23970,213,Sweden,SE,,,60.13,18.64,21092,17501,2586,1005,30/04/2020,NULL,666
23971,213,Sweden,SE,,,60.13,18.64,21520,17862,2653,1005,01/05/2020,NULL,361
23972,213,Sweden,SE,,,60.13,18.64,22082,18408,2669,1005,02/05/2020,NULL,546
23973,213,Sweden,SE,,,60.13,18.64,22317,18633,2679,1005,03/05/2020,NULL,225
23974,213,Sweden,SE,,,60.13,18.64,22721,15878,2769,4074,04/05/2020,NULL,123
23975,213,Sweden,SE,,,60.13,18.64,23216,16288,2854,4074,05/05/2020,NULL,410
23976,213,Sweden,SE,,,60.13,18.64,23918,16903,2941,4074,06/05/2020,NULL,615
23977,213,Sweden,SE,,,60.13,18.64,24623,16612,3040,4971,07/05/2020,NULL,705
23978,213,Sweden,SE,,,60.13,18.64,25265,17119,3175,4971,08/05/2020,NULL,507
23979,213,Sweden,SE,,,60.13,18.64,25921,17730,3220,4971,09/05/2020,NULL,611
23980,213,Sweden,SE,,,60.13,18.64,26322,18126,3225,4971,10/05/2020,NULL,396
23981,213,Sweden,SE,,,60.13,18.64,26670,18443,3256,4971,11/05/2020,NULL,317
23982,213,Sweden,SE,,,60.13,18.64,27272,18988,3313,4971,12/05/2020,NULL,545
23983,213,Sweden,SE,,,60.13,18.64,27909,19478,3460,4971,13/05/2020,NULL,490
23984,213,Sweden,SE,,,60.13,18.64,28582,20082,3529,4971,14/05/2020,NULL,604
23985,213,Sweden,SE,,,60.13,18.64,29207,20590,3646,4971,15/05/2020,NULL,508
23986,213,Sweden,SE,,,60.13,18.64,29677,21032,3674,4971,16/05/2020,NULL,442
23987,213,Sweden,SE,,,60.13,18.64,30143,21493,3679,4971,17/05/2020,NULL,461
23988,213,Sweden,SE,,,60.13,18.64,30377,21708,3698,4971,18/05/2020,NULL,215
23989,213,Sweden,SE,,,60.13,18.64,30799,22085,3743,4971,19/05/2020,NULL,377
23990,213,Sweden,SE,,,60.13,18.64,31523,22721,3831,4971,20/05/2020,NULL,636
23991,213,Sweden,SE,,,60.13,18.64,32172,23330,3871,4971,21/05/2020,NULL,609
23992,213,Sweden,SE,,,60.13,18.64,32809,23913,3925,4971,22/05/2020,NULL,583
23993,213,Sweden,SE,,,60.13,18.64,33188,24225,3992,4971,23/05/2020,NULL,312
23994,213,Sweden,SE,,,60.13,18.64,33459,24490,3998,4971,24/05/2020,NULL,265
23995,213,Sweden,SE,,,60.13,18.64,33843,24843,4029,4971,25/05/2020,NULL,353
23996,213,Sweden,SE,,,60.13,18.64,34440,25344,4125,4971,26/05/2020,NULL,501
23997,213,Sweden,SE,,,60.13,18.64,35088,25897,4220,4971,27/05/2020,NULL,553
23998,213,Sweden,SE,,,60.13,18.64,35727,26490,4266,4971,28/05/2020,NULL,593
23999,213,Sweden,SE,,,60.13,18.64,36476,27155,4350,4971,29/05/2020,NULL,665
24000,213,Sweden,SE,,,60.13,18.64,37113,27747,4395,4971,30/05/2020,NULL,592
24001,213,Sweden,SE,,,60.13,18.64,37542,28176,4395,4971,31/05/2020,NULL,429
24002,213,Sweden,SE,,,60.13,18.64,37814,28440,4403,4971,01/06/2020,NULL,264
24003,213,Sweden,SE,,,60.13,18.64,38589,34121,4468,0,02/06/2020,NULL,775
24004,213,Sweden,SE,,,60.13,18.64,40803,36261,4542,0,03/06/2020,NULL,2140
24005,213,Sweden,SE,,,60.13,18.64,41883,37321,4562,0,04/06/2020,NULL,1060
24006,213,Sweden,SE,,,60.13,18.64,42939,38300,4639,0,05/06/2020,NULL,979
24007,213,Sweden,SE,,,60.13,18.64,43887,39231,4656,0,06/06/2020,NULL,931
24008,213,Sweden,SE,,,60.13,18.64,44730,40071,4659,0,07/06/2020,NULL,840
24009,213,Sweden,SE,,,60.13,18.64,45133,40439,4694,0,08/06/2020,NULL,368
24010,213,Sweden,SE,,,60.13,18.64,45924,41207,4717,0,09/06/2020,NULL,768
24011,213,Sweden,SE,,,60.13,18.64,46814,42019,4795,0,10/06/2020,NULL,812
24012,213,Sweden,SE,,,60.13,18.64,48288,43474,4814,0,11/06/2020,NULL,1455
24013,213,Sweden,SE,,,60.13,18.64,49684,44830,4854,0,12/06/2020,NULL,1356
24014,213,Sweden,SE,,,60.13,18.64,50931,46057,4874,0,13/06/2020,NULL,1227
24015,213,Sweden,SE,,,60.13,18.64,51614,46740,4874,0,14/06/2020,NULL,683
24016,213,Sweden,SE,,,60.13,18.64,52383,47492,4891,0,15/06/2020,NULL,752
24017,213,Sweden,SE,,,60.13,18.64,53323,48384,4939,0,16/06/2020,NULL,892
24018,213,Sweden,SE,,,60.13,18.64,54562,49521,5041,0,17/06/2020,NULL,1137
24019,213,Sweden,SE,,,60.13,18.64,56043,50990,5053,0,18/06/2020,NULL,1469
24020,213,Sweden,SE,,,60.13,18.64,56043,50990,5053,0,19/06/2020,NULL,1918
24021,213,Sweden,SE,,,60.13,18.64,56043,50990,5053,0,20/06/2020,NULL,774
24022,213,Sweden,SE,,,60.13,18.64,56043,50990,5053,0,21/06/2020,NULL,322
24023,213,Sweden,SE,,,60.13,18.64,58932,53810,5122,0,22/06/2020,NULL,2820
24024,213,Sweden,SE,,,60.13,18.64,60837,55676,5161,0,23/06/2020,NULL,1866
61830,213,Sweden,SE,,,60.13,18.64,62324,62324,0,0,24/06/2020,NULL,1195
61831,213,Sweden,SE,,,60.13,18.64,63890,58660,5230,0,25/06/2020,NULL,1229
61832,213,Sweden,SE,,,60.13,18.64,65137,59857,5280,0,26/06/2020,NULL,1197
68921,213,Sweden,SE,,,60.13,18.64,65137,59857,5280,0,27/06/2020,NULL,894
68922,213,Sweden,SE,,,60.13,18.64,65137,59857,5280,0,28/06/2020,NULL,477
180207,213,Sweden,SE,,,60.13,18.64,67667,62357,5310,0,29/06/2020,NULL,2500
180208,213,Sweden,SE,,,60.13,18.64,68451,63118,5333,0,30/06/2020,NULL,761
180209,213,Sweden,SE,,,60.13,18.64,69692,64322,5370,0,01/07/2020,NULL,1204
180210,213,Sweden,SE,,,60.13,18.64,70639,65228,5411,0,02/07/2020,NULL,906
180211,213,Sweden,SE,,,60.13,18.64,71419,65999,5420,0,03/07/2020,NULL,771
180212,213,Sweden,SE,,,60.13,18.64,71419,65999,5420,0,04/07/2020,NULL,476
180213,213,Sweden,SE,,,60.13,18.64,71419,65999,5420,0,05/07/2020,NULL,433
180214,213,Sweden,SE,,,60.13,18.64,73061,67628,5433,0,06/07/2020,NULL,1629
180215,213,Sweden,SE,,,60.13,18.64,73344,67897,5447,0,07/07/2020,NULL,269
180216,213,Sweden,SE,,,60.13,18.64,73858,68376,5482,0,08/07/2020,NULL,479
180217,213,Sweden,SE,,,60.13,18.64,74333,68833,5500,0,09/07/2020,NULL,457
180218,213,Sweden,SE,,,60.13,18.64,74898,69372,5526,0,10/07/2020,NULL,539
180219,213,Sweden,SE,,,60.13,18.64,74898,69372,5526,0,11/07/2020,NULL,455
180220,213,Sweden,SE,,,60.13,18.64,74898,69372,5526,0,12/07/2020,NULL,114
180221,213,Sweden,SE,,,60.13,18.64,75826,70290,5536,0,13/07/2020,NULL,918
180222,213,Sweden,SE,,,60.13,18.64,76001,70456,5545,0,14/07/2020,NULL,166
180223,213,Sweden,SE,,,60.13,18.64,76492,70920,5572,0,15/07/2020,NULL,464
180224,213,Sweden,SE,,,60.13,18.64,76877,71284,5593,0,16/07/2020,NULL,364
180225,213,Sweden,SE,,,60.13,18.64,77281,71662,5619,0,17/07/2020,NULL,378
180226,213,Sweden,SE,,,60.13,18.64,77281,71662,5619,0,18/07/2020,NULL,357
180227,213,Sweden,SE,,,60.13,18.64,77281,71662,5619,0,19/07/2020,NULL,115
180228,213,Sweden,SE,,,60.13,18.64,78048,72409,5639,0,20/07/2020,NULL,747
180229,213,Sweden,SE,,,60.13,18.64,78166,72520,5646,0,21/07/2020,NULL,111
180230,213,Sweden,SE,,,60.13,18.64,78504,72837,5667,0,22/07/2020,NULL,317
180231,213,Sweden,SE,,,60.13,18.64,78763,73087,5676,0,23/07/2020,NULL,250
180232,213,Sweden,SE,,,60.13,18.64,78997,73300,5697,0,24/07/2020,NULL,213
180233,213,Sweden,SE,,,60.13,18.64,78997,73300,5697,0,25/07/2020,NULL,139
180234,213,Sweden,SE,,,60.13,18.64,78997,73300,5697,0,26/07/2020,NULL,42
180235,213,Sweden,SE,,,60.13,18.64,79395,73695,5700,0,27/07/2020,NULL,395
180236,213,Sweden,SE,,,60.13,18.64,79494,73792,5702,0,28/07/2020,NULL,97
180237,213,Sweden,SE,,,60.13,18.64,79782,74052,5730,0,29/07/2020,NULL,260
180238,213,Sweden,SE,,,60.13,18.64,80100,74361,5739,0,30/07/2020,NULL,309
180239,213,Sweden,SE,,,60.13,18.64,80422,74679,5743,0,31/07/2020,NULL,318
194232,213,Sweden,SE,,,60.13,18.64,80422,74679,5743,0,01/08/2020,NULL,303
194233,213,Sweden,SE,,,60.13,18.64,80422,74679,5743,0,02/08/2020,NULL,38
194234,213,Sweden,SE,,,60.13,18.64,81012,75268,5744,0,03/08/2020,NULL,38
194235,213,Sweden,SE,,,60.13,18.64,81181,75434,5747,0,04/08/2020,NULL,166
194236,213,Sweden,SE,,,60.13,18.64,81540,75780,5760,0,05/08/2020,NULL,346
197959,213,Sweden,SE,,,60.13,18.64,81967,76201,5766,0,06/08/2020,NULL,421
