UpdateId,CountryId,CountryName,CountryCode,Province,City,Latitude,Longitude,ConfirmedCases,ActiveCases,Deaths,Recovered,DateTime,CountriesCountryId,ChangeInActiveCases
26181,228,Spain,ES,,,40.46,-3.75,0,0,0,0,22/01/2020,NULL,0
26182,228,Spain,ES,,,40.46,-3.75,0,0,0,0,23/01/2020,NULL,0
26183,228,Spain,ES,,,40.46,-3.75,0,0,0,0,24/01/2020,NULL,0
26184,228,Spain,ES,,,40.46,-3.75,0,0,0,0,25/01/2020,NULL,0
26185,228,Spain,ES,,,40.46,-3.75,0,0,0,0,26/01/2020,NULL,0
26186,228,Spain,ES,,,40.46,-3.75,0,0,0,0,27/01/2020,NULL,0
26187,228,Spain,ES,,,40.46,-3.75,0,0,0,0,28/01/2020,NULL,0
26188,228,Spain,ES,,,40.46,-3.75,0,0,0,0,29/01/2020,NULL,0
26189,228,Spain,ES,,,40.46,-3.75,0,0,0,0,30/01/2020,NULL,0
26190,228,Spain,ES,,,40.46,-3.75,0,0,0,0,31/01/2020,NULL,0
26191,228,Spain,ES,,,40.46,-3.75,1,1,0,0,01/02/2020,NULL,1
26192,228,Spain,ES,,,40.46,-3.75,1,1,0,0,02/02/2020,NULL,0
26193,228,Spain,ES,,,40.46,-3.75,1,1,0,0,03/02/2020,NULL,0
26194,228,Spain,ES,,,40.46,-3.75,1,1,0,0,04/02/2020,NULL,0
26195,228,Spain,ES,,,40.46,-3.75,1,1,0,0,05/02/2020,NULL,0
26196,228,Spain,ES,,,40.46,-3.75,1,1,0,0,06/02/2020,NULL,0
26197,228,Spain,ES,,,40.46,-3.75,1,1,0,0,07/02/2020,NULL,0
26198,228,Spain,ES,,,40.46,-3.75,1,1,0,0,08/02/2020,NULL,0
26199,228,Spain,ES,,,40.46,-3.75,2,2,0,0,09/02/2020,NULL,1
26200,228,Spain,ES,,,40.46,-3.75,2,2,0,0,10/02/2020,NULL,0
26201,228,Spain,ES,,,40.46,-3.75,2,2,0,0,11/02/2020,NULL,0
26202,228,Spain,ES,,,40.46,-3.75,2,2,0,0,12/02/2020,NULL,0
26203,228,Spain,ES,,,40.46,-3.75,2,2,0,0,13/02/2020,NULL,0
26204,228,Spain,ES,,,40.46,-3.75,2,2,0,0,14/02/2020,NULL,0
26205,228,Spain,ES,,,40.46,-3.75,2,0,0,2,15/02/2020,NULL,-2
26206,228,Spain,ES,,,40.46,-3.75,2,0,0,2,16/02/2020,NULL,0
26207,228,Spain,ES,,,40.46,-3.75,2,0,0,2,17/02/2020,NULL,0
26208,228,Spain,ES,,,40.46,-3.75,2,0,0,2,18/02/2020,NULL,0
26209,228,Spain,ES,,,40.46,-3.75,2,0,0,2,19/02/2020,NULL,0
26210,228,Spain,ES,,,40.46,-3.75,2,0,0,2,20/02/2020,NULL,0
26211,228,Spain,ES,,,40.46,-3.75,2,0,0,2,21/02/2020,NULL,0
26212,228,Spain,ES,,,40.46,-3.75,2,0,0,2,22/02/2020,NULL,0
26213,228,Spain,ES,,,40.46,-3.75,2,0,0,2,23/02/2020,NULL,0
26214,228,Spain,ES,,,40.46,-3.75,2,0,0,2,24/02/2020,NULL,0
26215,228,Spain,ES,,,40.46,-3.75,6,4,0,2,25/02/2020,NULL,4
26216,228,Spain,ES,,,40.46,-3.75,13,11,0,2,26/02/2020,NULL,7
26217,228,Spain,ES,,,40.46,-3.75,15,13,0,2,27/02/2020,NULL,2
26218,228,Spain,ES,,,40.46,-3.75,32,30,0,2,28/02/2020,NULL,17
26219,228,Spain,ES,,,40.46,-3.75,45,43,0,2,29/02/2020,NULL,13
26220,228,Spain,ES,,,40.46,-3.75,84,82,0,2,01/03/2020,NULL,39
26221,228,Spain,ES,,,40.46,-3.75,120,118,0,2,02/03/2020,NULL,36
26222,228,Spain,ES,,,40.46,-3.75,165,162,1,2,03/03/2020,NULL,44
26223,228,Spain,ES,,,40.46,-3.75,222,218,2,2,04/03/2020,NULL,56
26224,228,Spain,ES,,,40.46,-3.75,259,254,3,2,05/03/2020,NULL,36
26225,228,Spain,ES,,,40.46,-3.75,400,393,5,2,06/03/2020,NULL,139
26226,228,Spain,ES,,,40.46,-3.75,500,460,10,30,07/03/2020,NULL,67
26227,228,Spain,ES,,,40.46,-3.75,673,626,17,30,08/03/2020,NULL,166
26228,228,Spain,ES,,,40.46,-3.75,1073,1013,28,32,09/03/2020,NULL,387
26229,228,Spain,ES,,,40.46,-3.75,1695,1628,35,32,10/03/2020,NULL,615
26230,228,Spain,ES,,,40.46,-3.75,2277,2040,54,183,11/03/2020,NULL,412
26231,228,Spain,ES,,,40.46,-3.75,2277,2039,55,183,12/03/2020,NULL,1000
26232,228,Spain,ES,,,40.46,-3.75,5232,4906,133,193,13/03/2020,NULL,2867
26233,228,Spain,ES,,,40.46,-3.75,6391,5679,195,517,14/03/2020,NULL,773
26234,228,Spain,ES,,,40.46,-3.75,7798,6992,289,517,15/03/2020,NULL,1313
26235,228,Spain,ES,,,40.46,-3.75,9942,9070,342,530,16/03/2020,NULL,2078
26236,228,Spain,ES,,,40.46,-3.75,11748,10187,533,1028,17/03/2020,NULL,1117
26237,228,Spain,ES,,,40.46,-3.75,13910,12206,623,1081,18/03/2020,NULL,2019
26238,228,Spain,ES,,,40.46,-3.75,17963,16026,830,1107,19/03/2020,NULL,3820
26239,228,Spain,ES,,,40.46,-3.75,20410,17779,1043,1588,20/03/2020,NULL,1753
26240,228,Spain,ES,,,40.46,-3.75,25374,21874,1375,2125,21/03/2020,NULL,4095
26241,228,Spain,ES,,,40.46,-3.75,28768,24421,1772,2575,22/03/2020,NULL,2547
26242,228,Spain,ES,,,40.46,-3.75,35136,30250,2311,2575,23/03/2020,NULL,5829
26243,228,Spain,ES,,,40.46,-3.75,39885,33283,2808,3794,24/03/2020,NULL,3033
26244,228,Spain,ES,,,40.46,-3.75,49515,40501,3647,5367,25/03/2020,NULL,7218
26245,228,Spain,ES,,,40.46,-3.75,57786,46406,4365,7015,26/03/2020,NULL,5905
26246,228,Spain,ES,,,40.46,-3.75,65719,51224,5138,9357,27/03/2020,NULL,4818
26247,228,Spain,ES,,,40.46,-3.75,73235,54968,5982,12285,28/03/2020,NULL,3744
26248,228,Spain,ES,,,40.46,-3.75,80110,58598,6803,14709,29/03/2020,NULL,3630
26249,228,Spain,ES,,,40.46,-3.75,87956,63460,7716,16780,30/03/2020,NULL,4862
26250,228,Spain,ES,,,40.46,-3.75,95923,68200,8464,19259,31/03/2020,NULL,4740
26251,228,Spain,ES,,,40.46,-3.75,104118,72084,9387,22647,01/04/2020,NULL,3884
26252,228,Spain,ES,,,40.46,-3.75,112065,74974,10348,26743,02/04/2020,NULL,2890
26253,228,Spain,ES,,,40.46,-3.75,119199,77488,11198,30513,03/04/2020,NULL,2514
26254,228,Spain,ES,,,40.46,-3.75,126168,80002,11947,34219,04/04/2020,NULL,2514
26255,228,Spain,ES,,,40.46,-3.75,131646,80925,12641,38080,05/04/2020,NULL,923
26256,228,Spain,ES,,,40.46,-3.75,136675,82897,13341,40437,06/04/2020,NULL,1972
26257,228,Spain,ES,,,40.46,-3.75,141942,84689,14045,43208,07/04/2020,NULL,1792
26258,228,Spain,ES,,,40.46,-3.75,148220,85407,14792,48021,08/04/2020,NULL,718
26259,228,Spain,ES,,,40.46,-3.75,153222,85610,15447,52165,09/04/2020,NULL,203
26260,228,Spain,ES,,,40.46,-3.75,158273,86524,16081,55668,10/04/2020,NULL,914
26261,228,Spain,ES,,,40.46,-3.75,163027,87312,16606,59109,11/04/2020,NULL,788
26262,228,Spain,ES,,,40.46,-3.75,166831,87231,17209,62391,12/04/2020,NULL,3160
26263,228,Spain,ES,,,40.46,-3.75,170099,87616,17756,64727,13/04/2020,NULL,385
26264,228,Spain,ES,,,40.46,-3.75,172541,86981,18056,67504,14/04/2020,NULL,4500
26265,228,Spain,ES,,,40.46,-3.75,177644,88083,18708,70853,15/04/2020,NULL,1102
26266,228,Spain,ES,,,40.46,-3.75,184948,90836,19315,74797,16/04/2020,NULL,2753
26267,228,Spain,ES,,,40.46,-3.75,190839,96040,20002,74797,17/04/2020,NULL,5204
26268,228,Spain,ES,,,40.46,-3.75,191726,96886,20043,74797,18/04/2020,NULL,846
26269,228,Spain,ES,,,40.46,-3.75,198674,100864,20453,77357,19/04/2020,NULL,3978
26270,228,Spain,ES,,,40.46,-3.75,200210,98771,20852,80587,20/04/2020,NULL,2946
26271,228,Spain,ES,,,40.46,-3.75,204178,100382,21282,82514,21/04/2020,NULL,1611
26272,228,Spain,ES,,,40.46,-3.75,208389,100757,21717,85915,22/04/2020,NULL,375
26273,228,Spain,ES,,,40.46,-3.75,213024,101617,22157,89250,23/04/2020,NULL,860
26274,228,Spain,ES,,,40.46,-3.75,202990,88111,22524,92355,24/04/2020,NULL,2497
26275,228,Spain,ES,,,40.46,-3.75,205905,87295,22902,95708,25/04/2020,NULL,1646
26276,228,Spain,ES,,,40.46,-3.75,207634,86072,23190,98372,26/04/2020,NULL,1662
26277,228,Spain,ES,,,40.46,-3.75,209465,85069,23521,100875,27/04/2020,NULL,1513
26278,228,Spain,ES,,,40.46,-3.75,210773,84403,23822,102548,28/04/2020,NULL,823
26279,228,Spain,ES,,,40.46,-3.75,212917,79695,24275,108947,29/04/2020,NULL,1233
26280,228,Spain,ES,,,40.46,-3.75,213435,76842,24543,112050,30/04/2020,NULL,1381
26281,228,Spain,ES,,,40.46,-3.75,213435,76842,24543,112050,01/05/2020,NULL,0
26282,228,Spain,ES,,,40.46,-3.75,216582,74234,25100,117248,02/05/2020,NULL,-2608
26283,228,Spain,ES,,,40.46,-3.75,217466,73300,25264,118902,03/05/2020,NULL,-934
26284,228,Spain,ES,,,40.46,-3.75,218011,71240,25428,121343,04/05/2020,NULL,-2060
26285,228,Spain,ES,,,40.46,-3.75,219329,70230,25613,123486,05/05/2020,NULL,-1010
26286,228,Spain,ES,,,40.46,-3.75,220325,68466,25857,126002,06/05/2020,NULL,-1764
26287,228,Spain,ES,,,40.46,-3.75,221447,66866,26070,128511,07/05/2020,NULL,-1600
26288,228,Spain,ES,,,40.46,-3.75,222857,65410,26299,131148,08/05/2020,NULL,-1456
26289,228,Spain,ES,,,40.46,-3.75,223578,63148,26478,133952,09/05/2020,NULL,-2262
26290,228,Spain,ES,,,40.46,-3.75,224350,61563,26621,136166,10/05/2020,NULL,-1585
26291,228,Spain,ES,,,40.46,-3.75,227436,63553,26744,137139,11/05/2020,NULL,1990
26292,228,Spain,ES,,,40.46,-3.75,228030,62130,26920,138980,12/05/2020,NULL,-1423
26293,228,Spain,ES,,,40.46,-3.75,228691,60764,27104,140823,13/05/2020,NULL,-1366
26294,228,Spain,ES,,,40.46,-3.75,229540,58845,27321,143374,14/05/2020,NULL,-1919
26295,228,Spain,ES,,,40.46,-3.75,230183,57941,27459,144783,15/05/2020,NULL,-904
26296,228,Spain,ES,,,40.46,-3.75,230698,56689,27563,146446,16/05/2020,NULL,-1252
26297,228,Spain,ES,,,40.46,-3.75,230698,56689,27563,146446,17/05/2020,NULL,0
26298,228,Spain,ES,,,40.46,-3.75,231606,53521,27709,150376,18/05/2020,NULL,-3168
26299,228,Spain,ES,,,40.46,-3.75,232037,204259,27778,0,19/05/2020,NULL,80
26300,228,Spain,ES,,,40.46,-3.75,232555,54291,27888,150376,20/05/2020,NULL,-30
26301,228,Spain,ES,,,40.46,-3.75,233037,54721,27940,150376,21/05/2020,NULL,430
26302,228,Spain,ES,,,40.46,-3.75,234824,55820,28628,150376,22/05/2020,NULL,1099
26303,228,Spain,ES,,,40.46,-3.75,235290,56236,28678,150376,23/05/2020,NULL,416
26304,228,Spain,ES,,,40.46,-3.75,235772,56644,28752,150376,24/05/2020,NULL,408
26305,228,Spain,ES,,,40.46,-3.75,235400,58190,26834,150376,25/05/2020,NULL,1546
26306,228,Spain,ES,,,40.46,-3.75,236259,58766,27117,150376,26/05/2020,NULL,576
26307,228,Spain,ES,,,40.46,-3.75,236259,58766,27117,150376,27/05/2020,NULL,0
26308,228,Spain,ES,,,40.46,-3.75,237906,60411,27119,150376,28/05/2020,NULL,1645
26309,228,Spain,ES,,,40.46,-3.75,238564,61067,27121,150376,29/05/2020,NULL,656
26310,228,Spain,ES,,,40.46,-3.75,239228,61727,27125,150376,30/05/2020,NULL,660
26311,228,Spain,ES,,,40.46,-3.75,239479,61976,27127,150376,31/05/2020,NULL,249
26312,228,Spain,ES,,,40.46,-3.75,239638,62135,27127,150376,01/06/2020,NULL,159
26313,228,Spain,ES,,,40.46,-3.75,239932,62429,27127,150376,02/06/2020,NULL,294
26314,228,Spain,ES,,,40.46,-3.75,240326,62822,27128,150376,03/06/2020,NULL,393
26315,228,Spain,ES,,,40.46,-3.75,240660,63151,27133,150376,04/06/2020,NULL,329
26316,228,Spain,ES,,,40.46,-3.75,240978,63468,27134,150376,05/06/2020,NULL,317
26317,228,Spain,ES,,,40.46,-3.75,241310,63799,27135,150376,06/06/2020,NULL,331
26318,228,Spain,ES,,,40.46,-3.75,241550,64038,27136,150376,07/06/2020,NULL,239
26319,228,Spain,ES,,,40.46,-3.75,241717,64205,27136,150376,08/06/2020,NULL,167
26320,228,Spain,ES,,,40.46,-3.75,241966,64454,27136,150376,09/06/2020,NULL,249
26321,228,Spain,ES,,,40.46,-3.75,242280,64768,27136,150376,10/06/2020,NULL,314
26322,228,Spain,ES,,,40.46,-3.75,242707,65195,27136,150376,11/06/2020,NULL,427
26323,228,Spain,ES,,,40.46,-3.75,243209,65697,27136,150376,12/06/2020,NULL,502
26324,228,Spain,ES,,,40.46,-3.75,243605,66093,27136,150376,13/06/2020,NULL,396
26325,228,Spain,ES,,,40.46,-3.75,243928,66416,27136,150376,14/06/2020,NULL,323
26326,228,Spain,ES,,,40.46,-3.75,244109,66597,27136,150376,15/06/2020,NULL,181
26327,228,Spain,ES,,,40.46,-3.75,244328,66816,27136,150376,16/06/2020,NULL,219
26328,228,Spain,ES,,,40.46,-3.75,244683,67171,27136,150376,17/06/2020,NULL,355
26329,228,Spain,ES,,,40.46,-3.75,245268,67756,27136,150376,18/06/2020,NULL,585
26330,228,Spain,ES,,,40.46,-3.75,245575,66884,28315,150376,19/06/2020,NULL,-872
26331,228,Spain,ES,,,40.46,-3.75,245938,67240,28322,150376,20/06/2020,NULL,356
26332,228,Spain,ES,,,40.46,-3.75,246272,67573,28323,150376,21/06/2020,NULL,333
26333,228,Spain,ES,,,40.46,-3.75,246504,67804,28324,150376,22/06/2020,NULL,231
26334,228,Spain,ES,,,40.46,-3.75,246752,68051,28325,150376,23/06/2020,NULL,247
61875,228,Spain,ES,,,40.46,-3.75,247086,247086,0,0,24/06/2020,NULL,90
61876,228,Spain,ES,,,40.46,-3.75,247486,68780,28330,150376,25/06/2020,NULL,70
61877,228,Spain,ES,,,40.46,-3.75,247905,69191,28338,150376,26/06/2020,NULL,411
68951,228,Spain,ES,,,40.46,-3.75,248469,69752,28341,150376,27/06/2020,NULL,561
68952,228,Spain,ES,,,40.46,-3.75,248770,70051,28343,150376,28/06/2020,NULL,299
180702,228,Spain,ES,,,40.46,-3.75,248970,70248,28346,150376,29/06/2020,NULL,197
180703,228,Spain,ES,,,40.46,-3.75,249271,70540,28355,150376,30/06/2020,NULL,292
180704,228,Spain,ES,,,40.46,-3.75,249659,70919,28364,150376,01/07/2020,NULL,0
180705,228,Spain,ES,,,40.46,-3.75,250103,71359,28368,150376,02/07/2020,NULL,440
180706,228,Spain,ES,,,40.46,-3.75,250545,71784,28385,150376,03/07/2020,NULL,425
180707,228,Spain,ES,,,40.46,-3.75,250545,71784,28385,150376,04/07/2020,NULL,0
180708,228,Spain,ES,,,40.46,-3.75,250545,71784,28385,150376,05/07/2020,NULL,0
180709,228,Spain,ES,,,40.46,-3.75,251789,73025,28388,150376,06/07/2020,NULL,1241
180710,228,Spain,ES,,,40.46,-3.75,252130,73362,28392,150376,07/07/2020,NULL,337
180711,228,Spain,ES,,,40.46,-3.75,252513,73741,28396,150376,08/07/2020,NULL,379
180712,228,Spain,ES,,,40.46,-3.75,253056,74279,28401,150376,09/07/2020,NULL,538
180713,228,Spain,ES,,,40.46,-3.75,253908,75129,28403,150376,10/07/2020,NULL,850
180714,228,Spain,ES,,,40.46,-3.75,253908,75129,28403,150376,11/07/2020,NULL,0
180715,228,Spain,ES,,,40.46,-3.75,253908,75129,28403,150376,12/07/2020,NULL,0
180716,228,Spain,ES,,,40.46,-3.75,255953,77171,28406,150376,13/07/2020,NULL,2042
180717,228,Spain,ES,,,40.46,-3.75,256619,77834,28409,150376,14/07/2020,NULL,663
180718,228,Spain,ES,,,40.46,-3.75,257494,78705,28413,150376,15/07/2020,NULL,871
180719,228,Spain,ES,,,40.46,-3.75,258855,80063,28416,150376,16/07/2020,NULL,1358
180720,228,Spain,ES,,,40.46,-3.75,260255,81459,28420,150376,17/07/2020,NULL,1396
180721,228,Spain,ES,,,40.46,-3.75,260255,81459,28420,150376,18/07/2020,NULL,0
180722,228,Spain,ES,,,40.46,-3.75,260255,81459,28420,150376,19/07/2020,NULL,0
180723,228,Spain,ES,,,40.46,-3.75,264836,86038,28422,150376,20/07/2020,NULL,4579
180724,228,Spain,ES,,,40.46,-3.75,266194,87394,28424,150376,21/07/2020,NULL,1356
180725,228,Spain,ES,,,40.46,-3.75,267551,88749,28426,150376,22/07/2020,NULL,1355
180726,228,Spain,ES,,,40.46,-3.75,270166,91361,28429,150376,23/07/2020,NULL,2612
180727,228,Spain,ES,,,40.46,-3.75,272421,93613,28432,150376,24/07/2020,NULL,2252
180728,228,Spain,ES,,,40.46,-3.75,272421,93613,28432,150376,25/07/2020,NULL,0
180729,228,Spain,ES,,,40.46,-3.75,272421,93613,28432,150376,26/07/2020,NULL,0
180730,228,Spain,ES,,,40.46,-3.75,278782,99972,28434,150376,27/07/2020,NULL,6359
180731,228,Spain,ES,,,40.46,-3.75,280610,101798,28436,150376,28/07/2020,NULL,1826
180732,228,Spain,ES,,,40.46,-3.75,282641,103824,28441,150376,29/07/2020,NULL,2026
180733,228,Spain,ES,,,40.46,-3.75,285430,106611,28443,150376,30/07/2020,NULL,2787
180734,228,Spain,ES,,,40.46,-3.75,288522,109701,28445,150376,31/07/2020,NULL,3090
194307,228,Spain,ES,,,40.46,-3.75,288522,109701,28445,150376,01/08/2020,NULL,0
194308,228,Spain,ES,,,40.46,-3.75,288522,109701,28445,150376,02/08/2020,NULL,0
194309,228,Spain,ES,,,40.46,-3.75,297054,118206,28472,150376,03/08/2020,NULL,8505
194310,228,Spain,ES,,,40.46,-3.75,302814,123940,28498,150376,04/08/2020,NULL,5734
194311,228,Spain,ES,,,40.46,-3.75,305767,126892,28499,150376,05/08/2020,NULL,2952
197974,228,Spain,ES,,,40.46,-3.75,309855,130979,28500,150376,06/08/2020,NULL,4087
