UpdateId,CountryId,CountryName,CountryCode,Province,City,Latitude,Longitude,ConfirmedCases,ActiveCases,Deaths,Recovered,DateTime,CountriesCountryId,ChangeInActiveCases
3081,28,Australia,AU,,,-33.87,151.21,0,0,0,0,22/01/2020,NULL,0
3082,28,Australia,AU,,,-33.87,151.21,0,0,0,0,23/01/2020,NULL,0
3083,28,Australia,AU,,,-33.87,151.21,0,0,0,0,24/01/2020,NULL,0
3084,28,Australia,AU,,,-33.87,151.21,0,0,0,0,25/01/2020,NULL,0
3085,28,Australia,AU,,,-33.87,151.21,4,4,0,0,26/01/2020,NULL,4
3086,28,Australia,AU,,,-33.87,151.21,5,5,0,0,27/01/2020,NULL,1
3087,28,Australia,AU,,,-33.87,151.21,5,5,0,0,28/01/2020,NULL,0
3088,28,Australia,AU,,,-33.87,151.21,6,6,0,0,29/01/2020,NULL,1
3089,28,Australia,AU,,,-33.87,151.21,9,7,0,2,30/01/2020,NULL,1
3090,28,Australia,AU,,,-33.87,151.21,9,7,0,2,31/01/2020,NULL,0
3091,28,Australia,AU,,,-33.87,151.21,12,10,0,2,01/02/2020,NULL,3
3092,28,Australia,AU,,,-33.87,151.21,12,10,0,2,02/02/2020,NULL,0
3093,28,Australia,AU,,,-33.87,151.21,12,10,0,2,03/02/2020,NULL,0
3094,28,Australia,AU,,,-33.87,151.21,13,11,0,2,04/02/2020,NULL,1
3095,28,Australia,AU,,,-33.87,151.21,13,11,0,2,05/02/2020,NULL,0
3096,28,Australia,AU,,,-33.87,151.21,14,12,0,2,06/02/2020,NULL,1
3097,28,Australia,AU,,,-33.87,151.21,15,13,0,2,07/02/2020,NULL,1
3098,28,Australia,AU,,,-33.87,151.21,15,13,0,2,08/02/2020,NULL,0
3099,28,Australia,AU,,,-33.87,151.21,15,13,0,2,09/02/2020,NULL,0
3100,28,Australia,AU,,,-33.87,151.21,15,13,0,2,10/02/2020,NULL,0
3101,28,Australia,AU,,,-33.87,151.21,15,13,0,2,11/02/2020,NULL,0
3102,28,Australia,AU,,,-33.87,151.21,15,13,0,2,12/02/2020,NULL,0
3103,28,Australia,AU,,,-33.87,151.21,15,7,0,8,13/02/2020,NULL,-6
3104,28,Australia,AU,,,-33.87,151.21,15,7,0,8,14/02/2020,NULL,0
3105,28,Australia,AU,,,-33.87,151.21,15,7,0,8,15/02/2020,NULL,0
3106,28,Australia,AU,,,-33.87,151.21,15,7,0,8,16/02/2020,NULL,0
3107,28,Australia,AU,,,-33.87,151.21,15,5,0,10,17/02/2020,NULL,-2
3108,28,Australia,AU,,,-33.87,151.21,15,5,0,10,18/02/2020,NULL,0
3109,28,Australia,AU,,,-33.87,151.21,15,5,0,10,19/02/2020,NULL,0
3110,28,Australia,AU,,,-33.87,151.21,15,5,0,10,20/02/2020,NULL,0
3111,28,Australia,AU,,,-33.87,151.21,15,4,0,11,21/02/2020,NULL,-1
3112,28,Australia,AU,,,-33.87,151.21,15,4,0,11,22/02/2020,NULL,0
3113,28,Australia,AU,,,-33.87,151.21,15,4,0,11,23/02/2020,NULL,0
3114,28,Australia,AU,,,-33.87,151.21,15,4,0,11,24/02/2020,NULL,0
3115,28,Australia,AU,,,-33.87,151.21,15,4,0,11,25/02/2020,NULL,0
3116,28,Australia,AU,,,-33.87,151.21,15,4,0,11,26/02/2020,NULL,0
3117,28,Australia,AU,,,-33.87,151.21,15,4,0,11,27/02/2020,NULL,0
3118,28,Australia,AU,,,-33.87,151.21,15,4,0,11,28/02/2020,NULL,0
3119,28,Australia,AU,,,-33.87,151.21,25,14,0,11,29/02/2020,NULL,10
3120,28,Australia,AU,,,-33.87,151.21,27,15,1,11,01/03/2020,NULL,1
3121,28,Australia,AU,,,-33.87,151.21,30,18,1,11,02/03/2020,NULL,3
3122,28,Australia,AU,,,-33.87,151.21,39,27,1,11,03/03/2020,NULL,9
3123,28,Australia,AU,,,-33.87,151.21,52,39,2,11,04/03/2020,NULL,12
3124,28,Australia,AU,,,-33.87,151.21,55,32,2,21,05/03/2020,NULL,-7
3125,28,Australia,AU,,,-33.87,151.21,60,37,2,21,06/03/2020,NULL,5
3126,28,Australia,AU,,,-33.87,151.21,63,40,2,21,07/03/2020,NULL,3
3127,28,Australia,AU,,,-33.87,151.21,76,52,3,21,08/03/2020,NULL,12
3128,28,Australia,AU,,,-33.87,151.21,91,67,3,21,09/03/2020,NULL,15
3129,28,Australia,AU,,,-33.87,151.21,107,83,3,21,10/03/2020,NULL,16
3130,28,Australia,AU,,,-33.87,151.21,128,104,3,21,11/03/2020,NULL,21
3131,28,Australia,AU,,,-33.87,151.21,128,104,3,21,12/03/2020,NULL,0
3132,28,Australia,AU,,,-33.87,151.21,200,174,3,23,13/03/2020,NULL,70
3133,28,Australia,AU,,,-33.87,151.21,250,224,3,23,14/03/2020,NULL,50
3134,28,Australia,AU,,,-33.87,151.21,297,271,3,23,15/03/2020,NULL,47
3135,28,Australia,AU,,,-33.87,151.21,377,351,3,23,16/03/2020,NULL,80
3136,28,Australia,AU,,,-33.87,151.21,452,424,5,23,17/03/2020,NULL,73
3137,28,Australia,AU,,,-33.87,151.21,568,539,6,23,18/03/2020,NULL,115
3138,28,Australia,AU,,,-33.87,151.21,681,649,6,26,19/03/2020,NULL,110
3139,28,Australia,AU,,,-33.87,151.21,791,758,7,26,20/03/2020,NULL,109
3140,28,Australia,AU,,,-33.87,151.21,1071,1038,7,26,21/03/2020,NULL,280
3141,28,Australia,AU,,,-33.87,151.21,1549,1454,7,88,22/03/2020,NULL,416
3142,28,Australia,AU,,,-33.87,151.21,1682,1587,7,88,23/03/2020,NULL,133
3143,28,Australia,AU,,,-33.87,151.21,2044,1921,8,115,24/03/2020,NULL,334
3144,28,Australia,AU,,,-33.87,151.21,2364,2237,8,119,25/03/2020,NULL,316
3145,28,Australia,AU,,,-33.87,151.21,2810,2625,13,172,26/03/2020,NULL,388
3146,28,Australia,AU,,,-33.87,151.21,3143,2936,13,194,27/03/2020,NULL,311
3147,28,Australia,AU,,,-33.87,151.21,3640,3382,14,244,28/03/2020,NULL,446
3148,28,Australia,AU,,,-33.87,151.21,3984,3724,16,244,29/03/2020,NULL,342
3149,28,Australia,AU,,,-33.87,151.21,4361,4087,17,257,30/03/2020,NULL,363
3150,28,Australia,AU,,,-33.87,151.21,4559,4183,18,358,31/03/2020,NULL,96
3151,28,Australia,AU,,,-33.87,151.21,4862,4420,20,422,01/04/2020,NULL,237
3152,28,Australia,AU,,,-33.87,151.21,5116,4572,24,520,02/04/2020,NULL,152
3153,28,Australia,AU,,,-33.87,151.21,5330,4653,28,649,03/04/2020,NULL,81
3154,28,Australia,AU,,,-33.87,151.21,5550,4819,30,701,04/04/2020,NULL,166
3155,28,Australia,AU,,,-33.87,151.21,5687,4895,35,757,05/04/2020,NULL,76
3156,28,Australia,AU,,,-33.87,151.21,5797,4677,40,1080,06/04/2020,NULL,-218
3157,28,Australia,AU,,,-33.87,151.21,5895,4770,45,1080,07/04/2020,NULL,93
3158,28,Australia,AU,,,-33.87,151.21,6010,4880,50,1080,08/04/2020,NULL,110
3159,28,Australia,AU,,,-33.87,151.21,6108,4585,51,1472,09/04/2020,NULL,-295
3160,28,Australia,AU,,,-33.87,151.21,6215,4368,54,1793,10/04/2020,NULL,-217
3161,28,Australia,AU,,,-33.87,151.21,6303,4440,57,1806,11/04/2020,NULL,72
3162,28,Australia,AU,,,-33.87,151.21,6315,4449,60,1806,12/04/2020,NULL,9
3163,28,Australia,AU,,,-33.87,151.21,6351,4484,61,1806,13/04/2020,NULL,35
3164,28,Australia,AU,,,-33.87,151.21,6415,4167,62,2186,14/04/2020,NULL,-317
3165,28,Australia,AU,,,-33.87,151.21,6440,4191,63,2186,15/04/2020,NULL,24
3166,28,Australia,AU,,,-33.87,151.21,6462,4044,63,2355,16/04/2020,NULL,-147
3167,28,Australia,AU,,,-33.87,151.21,6522,2648,66,3808,17/04/2020,NULL,-1396
3168,28,Australia,AU,,,-33.87,151.21,6568,2377,67,4124,18/04/2020,NULL,-271
3169,28,Australia,AU,,,-33.87,151.21,6610,2419,67,4124,19/04/2020,NULL,42
3170,28,Australia,AU,,,-33.87,151.21,6623,2265,67,4291,20/04/2020,NULL,-154
3171,28,Australia,AU,,,-33.87,151.21,6645,1883,67,4695,21/04/2020,NULL,-382
3172,28,Australia,AU,,,-33.87,151.21,6652,1653,67,4932,22/04/2020,NULL,-230
3173,28,Australia,AU,,,-33.87,151.21,6662,1540,75,5047,23/04/2020,NULL,-113
3174,28,Australia,AU,,,-33.87,151.21,6677,1462,79,5136,24/04/2020,NULL,-78
3175,28,Australia,AU,,,-33.87,151.21,6694,1238,80,5376,25/04/2020,NULL,-224
3176,28,Australia,AU,,,-33.87,151.21,6714,1090,83,5541,26/04/2020,NULL,-148
3177,28,Australia,AU,,,-33.87,151.21,6721,1050,83,5588,27/04/2020,NULL,-40
3178,28,Australia,AU,,,-33.87,151.21,6744,990,89,5665,28/04/2020,NULL,-60
3179,28,Australia,AU,,,-33.87,151.21,6752,946,91,5715,29/04/2020,NULL,-44
3180,28,Australia,AU,,,-33.87,151.21,6766,931,93,5742,30/04/2020,NULL,-15
3181,28,Australia,AU,,,-33.87,151.21,6778,910,93,5775,01/05/2020,NULL,-21
3182,28,Australia,AU,,,-33.87,151.21,6799,891,94,5814,02/05/2020,NULL,-19
3183,28,Australia,AU,,,-33.87,151.21,6822,878,95,5849,03/05/2020,NULL,-13
3184,28,Australia,AU,,,-33.87,151.21,6847,864,96,5887,04/05/2020,NULL,-14
3185,28,Australia,AU,,,-33.87,151.21,6875,803,97,5975,05/05/2020,NULL,-61
3186,28,Australia,AU,,,-33.87,151.21,6894,766,97,6031,06/05/2020,NULL,-37
3187,28,Australia,AU,,,-33.87,151.21,6913,738,97,6078,07/05/2020,NULL,-28
3188,28,Australia,AU,,,-33.87,151.21,6918,699,97,6122,08/05/2020,NULL,-39
3189,28,Australia,AU,,,-33.87,151.21,6939,701,97,6141,09/05/2020,NULL,2
3190,28,Australia,AU,,,-33.87,151.21,6948,684,97,6167,10/05/2020,NULL,-17
3191,28,Australia,AU,,,-33.87,151.21,6970,660,97,6213,11/05/2020,NULL,-24
3192,28,Australia,AU,,,-33.87,151.21,6980,612,98,6270,12/05/2020,NULL,-48
3193,28,Australia,AU,,,-33.87,151.21,6989,594,98,6297,13/05/2020,NULL,-18
3194,28,Australia,AU,,,-33.87,151.21,7019,587,98,6334,14/05/2020,NULL,-7
3195,28,Australia,AU,,,-33.87,151.21,7035,578,98,6359,15/05/2020,NULL,-9
3196,28,Australia,AU,,,-33.87,151.21,7044,582,98,6364,16/05/2020,NULL,4
3197,28,Australia,AU,,,-33.87,151.21,7054,563,99,6392,17/05/2020,NULL,-19
3198,28,Australia,AU,,,-33.87,151.21,7068,556,99,6413,18/05/2020,NULL,-7
3199,28,Australia,AU,,,-33.87,151.21,7072,541,100,6431,19/05/2020,NULL,-15
3200,28,Australia,AU,,,-33.87,151.21,7081,511,100,6470,20/05/2020,NULL,-30
3201,28,Australia,AU,,,-33.87,151.21,7095,516,101,6478,21/05/2020,NULL,5
3202,28,Australia,AU,,,-33.87,151.21,7099,513,101,6485,22/05/2020,NULL,-3
3203,28,Australia,AU,,,-33.87,151.21,7114,504,102,6508,23/05/2020,NULL,-9
3204,28,Australia,AU,,,-33.87,151.21,7114,481,102,6531,24/05/2020,NULL,-23
3205,28,Australia,AU,,,-33.87,151.21,7126,472,102,6552,25/05/2020,NULL,-9
3206,28,Australia,AU,,,-33.87,151.21,7139,476,103,6560,26/05/2020,NULL,4
3207,28,Australia,AU,,,-33.87,151.21,7150,468,103,6579,27/05/2020,NULL,-8
3208,28,Australia,AU,,,-33.87,151.21,7165,486,103,6576,28/05/2020,NULL,18
3209,28,Australia,AU,,,-33.87,151.21,7184,476,103,6605,29/05/2020,NULL,-10
3210,28,Australia,AU,,,-33.87,151.21,7192,475,103,6614,30/05/2020,NULL,-1
3211,28,Australia,AU,,,-33.87,151.21,7202,481,103,6618,31/05/2020,NULL,6
3212,28,Australia,AU,,,-33.87,151.21,7221,493,102,6626,01/06/2020,NULL,12
3213,28,Australia,AU,,,-33.87,151.21,7229,491,102,6636,02/06/2020,NULL,-2
3214,28,Australia,AU,,,-33.87,151.21,7240,490,102,6648,03/06/2020,NULL,-1
3215,28,Australia,AU,,,-33.87,151.21,7247,462,102,6683,04/06/2020,NULL,-28
3216,28,Australia,AU,,,-33.87,151.21,7252,462,102,6688,05/06/2020,NULL,0
3217,28,Australia,AU,,,-33.87,151.21,7259,454,102,6703,06/06/2020,NULL,-8
3218,28,Australia,AU,,,-33.87,151.21,7265,457,102,6706,07/06/2020,NULL,3
3219,28,Australia,AU,,,-33.87,151.21,7267,445,102,6720,08/06/2020,NULL,-12
3220,28,Australia,AU,,,-33.87,151.21,7274,432,102,6740,09/06/2020,NULL,-13
3221,28,Australia,AU,,,-33.87,151.21,7285,424,102,6759,10/06/2020,NULL,-8
3222,28,Australia,AU,,,-33.87,151.21,7289,405,102,6782,11/06/2020,NULL,-19
3223,28,Australia,AU,,,-33.87,151.21,7294,389,102,6803,12/06/2020,NULL,-16
3224,28,Australia,AU,,,-33.87,151.21,7320,380,102,6838,13/06/2020,NULL,-9
3225,28,Australia,AU,,,-33.87,151.21,7335,382,102,6851,14/06/2020,NULL,2
3226,28,Australia,AU,,,-33.87,151.21,7347,389,102,6856,15/06/2020,NULL,7
3227,28,Australia,AU,,,-33.87,151.21,7370,407,102,6861,16/06/2020,NULL,18
3228,28,Australia,AU,,,-33.87,151.21,7391,412,102,6877,17/06/2020,NULL,5
3229,28,Australia,AU,,,-33.87,151.21,7409,429,102,6878,18/06/2020,NULL,17
3230,28,Australia,AU,,,-33.87,151.21,7411,428,102,6881,19/06/2020,NULL,-1
3231,28,Australia,AU,,,-33.87,151.21,7461,463,102,6896,20/06/2020,NULL,35
3232,28,Australia,AU,,,-33.87,151.21,7474,469,102,6903,21/06/2020,NULL,6
3233,28,Australia,AU,,,-33.87,151.21,7492,475,102,6915,22/06/2020,NULL,6
3234,28,Australia,AU,,,-33.87,151.21,7521,494,103,6924,23/06/2020,NULL,19
,,,,,,,,,,,,24/06/2020,,
,,,,,,,,,,,,25/06/2020,,
,,,,,,,,,,,,26/06/2020,,
,,,,,,,,,,,,27/06/2020,,
,,,,,,,,,,,,28/06/2020,,
,,,,,,,,,,,,29/06/2020,,
,,,,,,,,,,,,30/06/2020,,
,,,,,,,,,,,,01/07/2020,,
,,,,,,,,,,,,02/07/2020,,
,,,,,,,,,,,,03/07/2020,,
,,,,,,,,,,,,04/07/2020,,
,,,,,,,,,,,,05/07/2020,,
,,,,,,,,,,,,06/07/2020,,
,,,,,,,,,,,,07/07/2020,,
,,,,,,,,,,,,08/07/2020,,
,,,,,,,,,,,,09/07/2020,,
,,,,,,,,,,,,10/07/2020,,
,,,,,,,,,,,,11/07/2020,,
,,,,,,,,,,,,12/07/2020,,
,,,,,,,,,,,,13/07/2020,,
,,,,,,,,,,,,14/07/2020,,
,,,,,,,,,,,,15/07/2020,,
,,,,,,,,,,,,16/07/2020,,
,,,,,,,,,,,,17/07/2020,,
,,,,,,,,,,,,18/07/2020,,
,,,,,,,,,,,,19/07/2020,,
,,,,,,,,,,,,20/07/2020,,
,,,,,,,,,,,,21/07/2020,,
,,,,,,,,,,,,22/07/2020,,
,,,,,,,,,,,,23/07/2020,,
,,,,,,,,,,,,24/07/2020,,
,,,,,,,,,,,,25/07/2020,,
,,,,,,,,,,,,26/07/2020,,
,,,,,,,,,,,,27/07/2020,,
,,,,,,,,,,,,28/07/2020,,
,,,,,,,,,,,,29/07/2020,,
,,,,,,,,,,,,30/07/2020,,
,,,,,,,,,,,,31/07/2020,,
,,,,,,,,,,,,01/08/2020,,
,,,,,,,,,,,,02/08/2020,,
,,,,,,,,,,,,03/08/2020,,
,,,,,,,,,,,,04/08/2020,,
,,,,,,,,,,,,05/08/2020,,
,,,,,,,,,,,,06/08/2020,,
